endTime,artistName,trackName,Day,Week,Month,Minutes Played
2021-04-01 00:33:00,Céline Dion,Let's Talk About Love,1,13,4,5.21
2021-04-01 00:36:00,Shawn Mendes,There's Nothing Holdin' Me Back,1,13,4,3.32
2021-04-01 00:40:00,Taylor Swift,champagne problems,1,13,4,4.07
2021-04-01 00:43:00,Lea Salonga,A Whole New World,1,13,4,2.68
2021-04-01 00:46:00,Harry Styles,Watermelon Sugar,1,13,4,2.9
2021-04-01 01:04:00,Taylor Swift,august,1,13,4,4.37
2021-04-01 01:08:00,Miranda Lambert,Settling Down,1,13,4,3.29
2021-04-01 01:10:00,Alan Walker,Faded,1,13,4,1.86
2021-04-01 01:50:00,Dua Lipa,Levitating,1,13,4,1.97
2021-04-01 01:54:00,Alan Walker,Faded,1,13,4,3.54
2021-04-01 01:57:00,Maren Morris,The Bones - with Hozier,1,13,4,3.29
2021-04-01 02:01:00,Céline Dion,Right In Front of You,1,13,4,4.23
2021-04-01 02:05:00,Taylor Swift,You All Over Me (feat. Maren Morris) (Taylor’s Version) (From The Vault),1,13,4,3.68
2021-04-01 02:09:00,Taylor Swift,Love Story,1,13,4,3.92
2021-04-01 02:12:00,Shawn Mendes,There's Nothing Holdin' Me Back,1,13,4,3.32
2021-04-01 02:16:00,Taylor Swift,champagne problems,1,13,4,4.07
2021-04-01 02:21:00,Céline Dion,I Surrender,1,13,4,4.8
2021-04-01 02:24:00,Taylor Swift,Our Song,1,13,4,3.35
2021-04-01 02:27:00,Dua Lipa,Don't Start Now,1,13,4,3.05
2021-04-01 02:33:00,Céline Dion,The Power of Love,1,13,4,5.71
2021-04-01 02:36:00,Shawn Mendes,Señorita,1,13,4,3.18
2021-04-01 02:41:00,Céline Dion,"My Heart Will Go On - Love Theme from ""Titanic""",1,13,4,4.67
2021-04-01 02:43:00,Harry Styles,Watermelon Sugar,1,13,4,2.9
2021-04-01 02:47:00,Shawn Mendes,Where Were You In The Morning?,1,13,4,3.34
2021-04-01 02:50:00,Ed Sheeran,Afterglow,1,13,4,3.09
2021-04-01 02:54:00,Ed Sheeran,Perfect,1,13,4,4.39
2021-04-01 02:57:00,Tape Machines,Lost You,1,13,4,3.03
2021-04-01 03:00:00,Miranda Lambert,Settling Down,1,13,4,3.29
2021-04-01 03:04:00,Taylor Swift,willow,1,13,4,3.58
2021-04-01 03:08:00,Ed Sheeran,Shape of You,1,13,4,3.9
2021-04-01 03:12:00,Mandy Moore,"I See the Light - From ""Tangled"" / Soundtrack Version",1,13,4,3.74
2021-04-01 03:16:00,Taylor Swift,august,1,13,4,4.37
2021-04-01 03:21:00,Céline Dion,Let's Talk About Love,1,13,4,5.21
2021-04-01 03:24:00,Lea Salonga,A Whole New World,1,13,4,2.68
2021-04-01 03:27:00,Maren Morris,The Bones,1,13,4,2.98
2021-04-01 03:31:00,Harry Styles,Watermelon Sugar,1,13,4,2.9
2021-04-01 03:34:00,Dua Lipa,Levitating,1,13,4,3.4
2021-04-01 03:35:00,Miranda Lambert,Settling Down,1,13,4,0.51
2021-04-01 03:38:00,Harry Styles,Watermelon Sugar,1,13,4,2.89
2021-04-01 03:41:00,Dua Lipa,Levitating,1,13,4,3.4
2021-04-01 03:44:00,Taylor Swift,willow,1,13,4,3.58
2021-04-01 03:48:00,Céline Dion,I'm Alive,1,13,4,3.5
2021-04-01 03:50:00,Miranda Lambert,Settling Down,1,13,4,2.26
2021-04-01 03:51:00,Miranda Lambert,Settling Down,1,13,4,0.56
2021-04-01 03:57:00,Céline Dion,"My Heart Will Go On - Love Theme from ""Titanic""",1,13,4,4.67
2021-04-01 04:03:00,Céline Dion,The Power of Love,1,13,4,5.71
2021-04-01 04:06:00,Miranda Lambert,Settling Down,1,13,4,3.29
2021-04-01 04:10:00,Alan Walker,Darkside,1,13,4,3.53
2021-04-01 04:13:00,Dua Lipa,Don't Start Now,1,13,4,3.05
2021-04-01 04:17:00,Taylor Swift,champagne problems,1,13,4,4.07
2021-04-01 04:35:00,Ed Sheeran,Perfect,1,13,4,2.76
2021-04-01 06:20:00,Maren Morris,The Bones - with Hozier,1,13,4,3.29
2021-04-01 06:25:00,Taylor Swift,august,1,13,4,4.37
2021-04-01 06:28:00,Dua Lipa,Levitating,1,13,4,3.4
2021-04-01 06:31:00,Dua Lipa,Don't Start Now,1,13,4,3.05
2021-04-01 06:34:00,Tape Machines,Lost You,1,13,4,3.03
2021-04-01 06:37:00,Harry Styles,Watermelon Sugar,1,13,4,2.9
2021-04-01 06:41:00,Taylor Swift,You All Over Me (feat. Maren Morris) (Taylor’s Version) (From The Vault),1,13,4,3.68
2021-04-01 06:44:00,Ed Sheeran,Afterglow,1,13,4,3.09
2021-04-01 07:40:00,Taylor Swift,august,1,13,4,4.37
2021-04-01 07:43:00,Dua Lipa,Levitating,1,13,4,3.4
2021-04-01 07:46:00,Tape Machines,Lost You,1,13,4,3.03
2021-04-01 07:49:00,Harry Styles,Watermelon Sugar,1,13,4,2.9
2021-04-01 08:17:00,Taylor Swift,You All Over Me (feat. Maren Morris) (Taylor’s Version) (From The Vault),1,13,4,3.68
2021-04-01 08:20:00,Tape Machines,Lost You,1,13,4,3.03
2021-04-01 08:24:00,Maren Morris,The Bones - with Hozier,1,13,4,3.29
2021-04-01 08:28:00,Taylor Swift,august,1,13,4,4.37
2021-04-01 08:31:00,Miranda Lambert,Settling Down,1,13,4,3.29
2021-04-01 08:33:00,Ed Sheeran,Afterglow,1,13,4,1.25
2021-04-01 08:36:00,Dua Lipa,Levitating,1,13,4,3.4
2021-04-01 08:39:00,Harry Styles,Watermelon Sugar,1,13,4,2.9
2021-04-01 08:53:00,Maren Morris,The Bones,1,13,4,3.12
2021-04-01 11:28:00,Harry Styles,Watermelon Sugar,1,13,4,2.27
2021-04-01 11:31:00,Harry Styles,Watermelon Sugar,1,13,4,0.63
2021-04-01 11:35:00,Céline Dion,I Surrender,1,13,4,2.67
2021-04-01 11:38:00,Maren Morris,The Bones,1,13,4,3.29
2021-04-01 11:42:00,Alan Walker,Darkside,1,13,4,3.53
2021-04-01 11:48:00,Taylor Swift,the lakes,1,13,4,2.05
2021-04-01 11:50:00,Taylor Swift,the lakes - bonus track,1,13,4,1.55
2021-04-01 12:26:00,Céline Dion,Right In Front of You,1,13,4,2.89
2021-04-01 12:31:00,Céline Dion,Right In Front of You,1,13,4,1.35
2021-04-01 12:34:00,Miranda Lambert,Settling Down,1,13,4,3.29
2021-04-01 12:38:00,Maren Morris,The Bones - with Hozier,1,13,4,3.29
2021-04-01 12:42:00,Taylor Swift,august,1,13,4,4.37
2021-04-01 12:45:00,Dua Lipa,Levitating,1,13,4,3.4
2021-04-01 12:48:00,Dua Lipa,Don't Start Now,1,13,4,3.05
2021-04-01 12:51:00,Tape Machines,Lost You,1,13,4,3.03
2021-04-01 12:54:00,Harry Styles,Watermelon Sugar,1,13,4,2.9
2021-04-01 13:06:00,Taylor Swift,You All Over Me (feat. Maren Morris) (Taylor’s Version) (From The Vault),1,13,4,3.68
2021-04-01 13:09:00,Ed Sheeran,Afterglow,1,13,4,3.09
2021-04-01 13:14:00,Céline Dion,"My Heart Will Go On - Love Theme from ""Titanic""",1,13,4,4.67
2021-04-01 13:17:00,Shawn Mendes,Señorita,1,13,4,3.18
2021-04-01 13:21:00,Taylor Swift,willow,1,13,4,3.58
2021-04-01 13:26:00,Taylor Swift,evermore (feat. Bon Iver),1,13,4,5.07
2021-04-01 13:34:00,Céline Dion,I Surrender,1,13,4,3.89
2021-04-01 13:38:00,Céline Dion,I Surrender,1,13,4,4.8
2021-04-01 13:41:00,Dua Lipa,Levitating,1,13,4,3.4
2021-04-01 13:45:00,Ed Sheeran,Perfect,1,13,4,4.39
2021-04-01 13:47:00,Alan Walker,Darkside,1,13,4,2.04
2021-04-01 13:51:00,Shawn Mendes,There's Nothing Holdin' Me Back,1,13,4,3.32
2021-04-01 13:54:00,Taylor Swift,You All Over Me (feat. Maren Morris) (Taylor’s Version) (From The Vault),1,13,4,3.68
2021-04-01 13:58:00,Maren Morris,The Bones,1,13,4,3.29
2021-04-01 14:03:00,Taylor Swift,evermore (feat. Bon Iver),1,13,4,5.07
2021-04-01 14:07:00,Taylor Swift,exile (feat. Bon Iver),1,13,4,4.76
2021-04-01 14:11:00,Taylor Swift,willow,1,13,4,3.58
2021-04-01 14:17:00,Céline Dion,The Power of Love,1,13,4,5.71
2021-04-01 14:20:00,Dua Lipa,Don't Start Now,1,13,4,3.05
2021-04-01 14:23:00,Harry Styles,Watermelon Sugar,1,13,4,2.9
2021-04-01 14:24:00,Céline Dion,Right In Front of You,1,13,4,0.99
2021-04-01 14:28:00,Taylor Swift,champagne problems,1,13,4,4.07
2021-04-01 14:31:00,Taylor Swift,august,1,13,4,2.88
2021-04-02 00:28:00,Taylor Swift,august,2,13,4,4.78
2021-04-02 00:31:00,Dua Lipa,Levitating,2,13,4,3.4
2021-04-02 00:34:00,Harry Styles,Watermelon Sugar,2,13,4,2.9
2021-04-02 00:42:00,Taylor Swift,You All Over Me (feat. Maren Morris) (Taylor’s Version) (From The Vault),2,13,4,3.68
2021-04-02 00:46:00,Taylor Swift,You All Over Me (feat. Maren Morris) (Taylor’s Version) (From The Vault),2,13,4,3.68
2021-04-02 01:02:00,Shawn Mendes,Where Were You In The Morning?,2,13,4,1.01
2021-04-02 01:46:00,Taylor Swift,august,2,13,4,4.37
2021-04-02 01:49:00,Maren Morris,The Bones - with Hozier,2,13,4,3.29
2021-04-02 01:53:00,Taylor Swift,Fearless,2,13,4,4.03
2021-04-02 01:58:00,Céline Dion,"My Heart Will Go On - Love Theme from ""Titanic""",2,13,4,4.67
2021-04-02 02:01:00,Taylor Swift,Our Song,2,13,4,3.35
2021-04-02 02:05:00,Shawn Mendes,Where Were You In The Morning?,2,13,4,3.34
2021-04-02 02:10:00,Céline Dion,Let's Talk About Love,2,13,4,5.21
2021-04-02 02:13:00,Mandy Moore,"I See the Light - From ""Tangled"" / Soundtrack Version",2,13,4,3.74
2021-04-02 02:17:00,Alan Walker,Faded,2,13,4,3.54
2021-04-02 02:21:00,Taylor Swift,Love Story,2,13,4,3.92
2021-04-02 02:24:00,Shawn Mendes,Señorita,2,13,4,3.18
2021-04-02 02:27:00,Tape Machines,Lost You,2,13,4,3.03
2021-04-02 02:30:00,Miranda Lambert,Settling Down,2,13,4,3.29
2021-04-02 02:33:00,Lea Salonga,A Whole New World,2,13,4,2.68
2021-04-02 02:38:00,Céline Dion,I Surrender,2,13,4,4.8
2021-04-02 02:41:00,Dua Lipa,Levitating,2,13,4,3.4
2021-04-02 02:45:00,Ed Sheeran,Perfect,2,13,4,4.39
2021-04-02 02:49:00,Alan Walker,Darkside,2,13,4,3.53
2021-04-02 02:52:00,Shawn Mendes,There's Nothing Holdin' Me Back,2,13,4,3.32
2021-04-02 02:56:00,Taylor Swift,You All Over Me (feat. Maren Morris) (Taylor’s Version) (From The Vault),2,13,4,3.68
2021-04-02 02:59:00,Céline Dion,I'm Alive,2,13,4,3.5
2021-04-02 03:02:00,Ed Sheeran,Afterglow,2,13,4,3.09
2021-04-02 03:44:00,Ed Sheeran,Shape of You,2,13,4,1.25
2021-04-02 06:05:00,Taylor Swift,You All Over Me (feat. Maren Morris) (Taylor’s Version) (From The Vault),2,13,4,3.68
2021-04-02 06:17:00,Maren Morris,The Bones - with Hozier,2,13,4,0.55
2021-04-02 06:26:00,Taylor Swift,You All Over Me (feat. Maren Morris) (Taylor’s Version) (From The Vault),2,13,4,3.68
2021-04-02 06:29:00,Harry Styles,Watermelon Sugar,2,13,4,2.9
2021-04-02 06:33:00,Taylor Swift,champagne problems,2,13,4,4.07
2021-04-02 06:36:00,Taylor Swift,Our Song,2,13,4,3.35
2021-04-02 06:39:00,Shawn Mendes,Señorita,2,13,4,3.18
2021-04-02 06:44:00,Taylor Swift,Fearless,2,13,4,4.03
2021-04-02 06:47:00,Mandy Moore,"I See the Light - From ""Tangled"" / Soundtrack Version",2,13,4,3.74
2021-04-02 06:51:00,Miranda Lambert,Settling Down,2,13,4,3.29
2021-04-02 06:54:00,Maren Morris,The Bones,2,13,4,3.29
2021-04-02 06:59:00,Céline Dion,I Surrender,2,13,4,4.8
2021-04-02 07:04:00,Taylor Swift,evermore (feat. Bon Iver),2,13,4,5.07
2021-04-02 07:07:00,Shawn Mendes,Where Were You In The Morning?,2,13,4,3.34
2021-04-02 07:45:00,Taylor Swift,champagne problems,2,13,4,4.07
2021-04-02 07:49:00,Céline Dion,Right In Front of You,2,13,4,4.23
2021-04-02 07:53:00,Miranda Lambert,Settling Down,2,13,4,3.29
2021-04-02 07:56:00,Maren Morris,The Bones - with Hozier,2,13,4,3.29
2021-04-02 08:00:00,Taylor Swift,august,2,13,4,4.37
2021-04-02 08:08:00,Dua Lipa,Levitating,2,13,4,3.4
2021-04-02 08:11:00,Dua Lipa,Don't Start Now,2,13,4,3.05
2021-04-02 08:15:00,Taylor Swift,You All Over Me (feat. Maren Morris) (Taylor’s Version) (From The Vault),2,13,4,3.68
2021-04-02 08:18:00,Maren Morris,The Bones - with Hozier,2,13,4,3.29
2021-04-02 08:21:00,Harry Styles,Watermelon Sugar,2,13,4,2.9
2021-04-02 08:24:00,Ed Sheeran,Afterglow,2,13,4,3.09
2021-04-02 08:38:00,Céline Dion,"My Heart Will Go On - Love Theme from ""Titanic""",2,13,4,1.34
2021-04-02 12:31:00,Taylor Swift,Our Song,2,13,4,3.35
2021-04-02 12:37:00,Céline Dion,The Power of Love,2,13,4,5.71
2021-04-02 12:41:00,Taylor Swift,august,2,13,4,4.37
2021-04-02 12:44:00,Harry Styles,Watermelon Sugar,2,13,4,2.9
2021-04-02 12:48:00,Alan Walker,Faded,2,13,4,3.54
2021-04-02 12:53:00,Céline Dion,Let's Talk About Love,2,13,4,5.21
2021-04-02 12:57:00,Céline Dion,Right In Front of You,2,13,4,4.23
2021-04-02 13:01:00,Taylor Swift,Fearless,2,13,4,4.03
2021-04-02 13:04:00,Lea Salonga,A Whole New World,2,13,4,2.68
2021-04-02 13:07:00,Dua Lipa,Don't Start Now,2,13,4,3.05
2021-04-02 13:13:00,Ed Sheeran,Perfect,2,13,4,4.39
2021-04-02 13:16:00,Taylor Swift,willow,2,13,4,3.58
2021-04-02 13:22:00,Tape Machines,Lost You,2,13,4,3.03
2021-04-02 13:28:00,Taylor Swift,evermore (feat. Bon Iver),2,13,4,5.07
2021-04-02 13:31:00,Dua Lipa,Levitating,2,13,4,3.4
2021-04-02 13:35:00,Shawn Mendes,Where Were You In The Morning?,2,13,4,3.34
2021-04-02 13:38:00,Mandy Moore,"I See the Light - From ""Tangled"" / Soundtrack Version",2,13,4,3.74
2021-04-02 13:41:00,Shawn Mendes,Señorita,2,13,4,3.18
2021-04-02 13:45:00,Alan Walker,Darkside,2,13,4,3.53
2021-04-02 13:48:00,Maren Morris,The Bones - with Hozier,2,13,4,3.29
2021-04-02 13:52:00,Taylor Swift,Love Story,2,13,4,3.92
2021-04-02 13:58:00,Taylor Swift,august,2,13,4,4.32
2021-04-02 14:02:00,Taylor Swift,You All Over Me (feat. Maren Morris) (Taylor’s Version) (From The Vault),2,13,4,3.68
2021-04-02 14:05:00,Miranda Lambert,Settling Down,2,13,4,3.29
2021-04-02 14:10:00,Taylor Swift,champagne problems,2,13,4,1.02
2021-04-02 14:15:00,Taylor Swift,august,2,13,4,4.37
2021-04-02 14:16:00,Taylor Swift,You All Over Me (feat. Maren Morris) (Taylor’s Version) (From The Vault),2,13,4,1.21
2021-04-03 00:14:00,Taylor Swift,You All Over Me (feat. Maren Morris) (Taylor’s Version) (From The Vault),3,13,4,3.73
2021-04-03 00:19:00,Taylor Swift,evermore (feat. Bon Iver),3,13,4,5.07
2021-04-03 00:26:00,Taylor Swift,You All Over Me (feat. Maren Morris) (Taylor’s Version) (From The Vault),3,13,4,3.68
2021-04-03 00:27:00,Maren Morris,The Bones - with Hozier,3,13,4,0.75
2021-04-03 00:51:00,Kacey Musgraves,Rainbow,3,13,4,3.5
2021-04-03 01:35:00,Taylor Swift,You All Over Me (feat. Maren Morris) (Taylor’s Version) (From The Vault),3,13,4,3.68
2021-04-03 01:38:00,Dua Lipa,Levitating,3,13,4,3.4
2021-04-03 01:44:00,Taylor Swift,Our Song,3,13,4,3.35
2021-04-03 01:47:00,Maren Morris,The Bones,3,13,4,3.29
2021-04-03 01:51:00,Ed Sheeran,Shape of You,3,13,4,3.9
2021-04-03 01:55:00,Ed Sheeran,Afterglow,3,13,4,3.09
2021-04-03 01:59:00,Taylor Swift,champagne problems,3,13,4,4.07
2021-04-03 02:04:00,Céline Dion,Right In Front of You,3,13,4,4.23
2021-04-03 02:07:00,Alan Walker,Darkside,3,13,4,3.53
2021-04-03 02:12:00,Céline Dion,I Surrender,3,13,4,4.8
2021-04-03 02:15:00,Shawn Mendes,There's Nothing Holdin' Me Back,3,13,4,3.32
2021-04-03 02:18:00,Harry Styles,Watermelon Sugar,3,13,4,2.9
2021-04-03 02:23:00,Céline Dion,"My Heart Will Go On - Love Theme from ""Titanic""",3,13,4,4.67
2021-04-03 02:27:00,Taylor Swift,Fearless,3,13,4,4.03
2021-04-03 02:35:00,Ed Sheeran,Perfect,3,13,4,4.39
2021-04-03 02:55:00,Céline Dion,The Power of Love,3,13,4,3.49
2021-04-03 03:13:00,Céline Dion,The Power of Love,3,13,4,2.22
2021-04-03 03:38:00,Alan Walker,Faded,3,13,4,3.54
2021-04-03 03:41:00,Tape Machines,Lost You,3,13,4,3.03
2021-04-03 04:22:00,Maren Morris,The Bones - with Hozier,3,13,4,1.81
2021-04-03 04:26:00,Maren Morris,The Bones - with Hozier,3,13,4,1.48
2021-04-03 04:30:00,Taylor Swift,You All Over Me (feat. Maren Morris) (Taylor’s Version) (From The Vault),3,13,4,3.68
2021-04-03 11:06:00,Taylor Swift,evermore (feat. Bon Iver),3,13,4,5.07
2021-04-03 11:11:00,Taylor Swift,exile (feat. Bon Iver),3,13,4,4.76
2021-04-03 11:14:00,Taylor Swift,You All Over Me (feat. Maren Morris) (Taylor’s Version) (From The Vault),3,13,4,3.68
2021-04-03 11:17:00,Dua Lipa,Don't Start Now,3,13,4,3.05
2021-04-03 11:21:00,Taylor Swift,willow,3,13,4,3.58
2021-04-03 11:26:00,Céline Dion,Let's Talk About Love,3,13,4,5.21
2021-04-03 11:29:00,Miranda Lambert,Settling Down,3,13,4,3.29
2021-04-03 11:33:00,Taylor Swift,Love Story,3,13,4,3.92
2021-04-03 11:37:00,Shawn Mendes,Señorita,3,13,4,3.18
2021-04-03 11:40:00,Mandy Moore,"I See the Light - From ""Tangled"" / Soundtrack Version",3,13,4,3.74
2021-04-03 11:43:00,Lea Salonga,A Whole New World,3,13,4,2.68
2021-04-03 11:57:00,Shawn Mendes,Where Were You In The Morning?,3,13,4,2.26
2021-04-03 12:03:00,Shawn Mendes,Where Were You In The Morning?,3,13,4,1.08
2021-04-03 12:08:00,Taylor Swift,august,3,13,4,4.37
2021-04-03 12:11:00,Taylor Swift,You All Over Me (feat. Maren Morris) (Taylor’s Version) (From The Vault),3,13,4,3.68
2021-04-03 12:15:00,Dua Lipa,Levitating,3,13,4,3.4
2021-04-03 12:18:00,Taylor Swift,Our Song,3,13,4,3.35
2021-04-03 12:21:00,Maren Morris,The Bones,3,13,4,3.29
2021-04-03 12:25:00,Céline Dion,I'm Alive,3,13,4,3.5
2021-04-03 12:28:00,Ed Sheeran,Afterglow,3,13,4,3.09
2021-04-03 12:32:00,Ed Sheeran,Shape of You,3,13,4,3.9
2021-04-03 12:36:00,Taylor Swift,champagne problems,3,13,4,4.07
2021-04-03 12:41:00,Céline Dion,Right In Front of You,3,13,4,4.23
2021-04-03 12:44:00,Alan Walker,Darkside,3,13,4,3.53
2021-04-03 12:49:00,Céline Dion,I Surrender,3,13,4,4.8
2021-04-03 12:52:00,Shawn Mendes,There's Nothing Holdin' Me Back,3,13,4,3.32
2021-04-03 12:57:00,Taylor Swift,cardigan,3,13,4,3.99
2021-04-03 12:59:00,Harry Styles,Watermelon Sugar,3,13,4,2.54
2021-04-03 13:03:00,Maren Morris,The Bones - with Hozier,3,13,4,3.29
2021-04-03 13:06:00,Dua Lipa,Levitating,3,13,4,3.4
2021-04-03 13:10:00,Taylor Swift,august,3,13,4,4.37
2021-04-03 13:13:00,Harry Styles,Watermelon Sugar,3,13,4,2.9
2021-04-03 13:14:00,Miranda Lambert,Settling Down,3,13,4,0.81
2021-04-03 13:33:00,Céline Dion,Right In Front of You,3,13,4,4.07
2021-04-03 13:38:00,Taylor Swift,ME! (feat. Brendon Urie of Panic! At The Disco),3,13,4,3.22
2021-04-03 13:43:00,Taylor Swift,evermore (feat. Bon Iver),3,13,4,5.07
2021-04-03 13:48:00,Taylor Swift,tolerate it,3,13,4,4.09
2021-04-03 13:51:00,Taylor Swift,Lover,3,13,4,3.69
2021-04-03 14:04:00,Taylor Swift,invisible string,3,13,4,2.0
2021-04-04 00:21:00,Shawn Mendes,There's Nothing Holdin' Me Back,4,13,4,3.32
2021-04-04 00:25:00,Céline Dion,"My Heart Will Go On - Love Theme from ""Titanic""",4,13,4,4.67
2021-04-04 00:29:00,Alan Walker,Darkside,4,13,4,3.53
2021-04-04 00:33:00,Maren Morris,The Bones,4,13,4,3.29
2021-04-04 00:38:00,Céline Dion,The Power of Love,4,13,4,5.71
2021-04-04 00:54:00,Taylor Swift,august,4,13,4,0.65
2021-04-04 04:41:00,Taylor Swift,august,4,13,4,1.12
2021-04-04 04:44:00,Taylor Swift,august,4,13,4,2.6
2021-04-04 04:48:00,Taylor Swift,Fearless,4,13,4,4.03
2021-04-04 04:51:00,Harry Styles,Watermelon Sugar,4,13,4,2.9
2021-04-04 04:55:00,Taylor Swift,willow,4,13,4,3.58
2021-04-04 04:59:00,Céline Dion,I Surrender,4,13,4,4.8
2021-04-04 05:02:00,Dua Lipa,Don't Start Now,4,13,4,3.05
2021-04-04 05:06:00,Taylor Swift,champagne problems,4,13,4,4.07
2021-04-04 12:35:00,Maren Morris,The Bones - with Hozier,4,13,4,3.29
2021-04-04 12:39:00,Céline Dion,Right In Front of You,4,13,4,4.23
2021-04-04 12:42:00,Shawn Mendes,Señorita,4,13,4,3.18
2021-04-04 12:45:00,Ed Sheeran,Afterglow,4,13,4,3.09
2021-04-04 12:48:00,Shawn Mendes,There's Nothing Holdin' Me Back,4,13,4,3.32
2021-04-04 12:52:00,Taylor Swift,Speak Now,4,13,4,1.0
2021-04-04 12:54:00,Taylor Swift,Beautiful Eyes - Live From Clear Channel Stripped 2008,4,13,4,1.33
2021-04-04 12:56:00,Justin Bieber,2 Much,4,13,4,1.95
2021-04-04 12:57:00,Justin Bieber,Peaches (feat. Daniel Caesar & Giveon),4,13,4,1.62
2021-04-04 12:59:00,Taylor Swift,Jump Then Fall,4,13,4,1.29
2021-04-04 13:00:00,Alan Walker,Faded,4,13,4,1.54
2021-04-04 13:20:00,Taylor Swift,exile (feat. Bon Iver),4,13,4,4.76
2021-04-04 13:25:00,Taylor Swift,august,4,13,4,4.37
2021-04-04 13:28:00,Dua Lipa,Levitating,4,13,4,3.4
2021-04-04 13:31:00,Shawn Mendes,There's Nothing Holdin' Me Back,4,13,4,3.32
2021-04-04 13:35:00,Alan Walker,Faded,4,13,4,3.54
2021-04-04 13:37:00,Lea Salonga,A Whole New World,4,13,4,2.68
2021-04-04 13:41:00,Ed Sheeran,Afterglow,4,13,4,3.09
2021-04-04 13:44:00,Céline Dion,I'm Alive,4,13,4,3.5
2021-04-04 13:47:00,Miranda Lambert,Settling Down,4,13,4,3.29
2021-04-04 13:53:00,Céline Dion,The Power of Love,4,13,4,5.71
2021-04-04 13:58:00,Mandy Moore,"I See the Light - From ""Tangled"" / Soundtrack Version",4,13,4,3.74
2021-04-04 14:02:00,Taylor Swift,champagne problems,4,13,4,4.07
2021-04-04 14:06:00,Alan Walker,Darkside,4,13,4,3.53
2021-04-04 14:08:00,Ed Sheeran,Perfect,4,13,4,1.97
2021-04-04 14:14:00,Taylor Swift,evermore (feat. Bon Iver),4,13,4,5.07
2021-04-04 14:18:00,Dua Lipa,Don't Start Now,4,13,4,1.97
2021-04-05 00:26:00,Alan Walker,Faded,5,14,4,3.54
2021-04-05 00:29:00,Maren Morris,The Bones,5,14,4,3.29
2021-04-05 00:37:00,Dua Lipa,Levitating,5,14,4,3.4
2021-04-05 00:56:00,Céline Dion,The Power of Love,5,14,4,4.98
2021-04-05 01:19:00,Au/Ra,Dead Girl! (Shake My Head),5,14,4,0.51
2021-04-05 01:19:00,Taylor Swift,willow,5,14,4,0.56
2021-04-05 01:24:00,Céline Dion,"My Heart Will Go On - Love Theme from ""Titanic""",5,14,4,4.67
2021-04-05 01:29:00,Céline Dion,"My Heart Will Go On - Love Theme from ""Titanic""",5,14,4,4.67
2021-04-05 01:33:00,Taylor Swift,You All Over Me (feat. Maren Morris) (Taylor’s Version) (From The Vault),5,14,4,3.68
2021-04-05 01:36:00,Shawn Mendes,Señorita,5,14,4,3.14
2021-04-05 01:42:00,Taylor Swift,champagne problems,5,14,4,4.07
2021-04-05 01:47:00,Ed Sheeran,Perfect,5,14,4,4.39
2021-04-05 01:50:00,Alan Walker,Faded,5,14,4,3.54
2021-04-05 01:55:00,Céline Dion,"My Heart Will Go On - Love Theme from ""Titanic""",5,14,4,4.67
2021-04-05 01:58:00,Tape Machines,Lost You,5,14,4,3.03
2021-04-05 02:02:00,Taylor Swift,Our Song,5,14,4,3.35
2021-04-05 02:07:00,Céline Dion,The Power of Love,5,14,4,5.71
2021-04-05 02:10:00,Lea Salonga,A Whole New World,5,14,4,2.68
2021-04-05 02:14:00,Taylor Swift,You All Over Me (feat. Maren Morris) (Taylor’s Version) (From The Vault),5,14,4,3.68
2021-04-05 02:19:00,Taylor Swift,evermore (feat. Bon Iver),5,14,4,5.07
2021-04-05 02:23:00,Céline Dion,Right In Front of You,5,14,4,4.23
2021-04-05 02:27:00,Ed Sheeran,Shape of You,5,14,4,3.9
2021-04-05 02:30:00,Céline Dion,I'm Alive,5,14,4,3.5
2021-04-05 02:34:00,Shawn Mendes,Where Were You In The Morning?,5,14,4,3.34
2021-04-05 02:37:00,Taylor Swift,willow,5,14,4,3.58
2021-04-05 02:41:00,Dua Lipa,Levitating,5,14,4,3.4
2021-04-05 02:45:00,Taylor Swift,Fearless,5,14,4,4.03
2021-04-05 02:48:00,Harry Styles,Watermelon Sugar,5,14,4,2.9
2021-04-05 02:52:00,Taylor Swift,You All Over Me (feat. Maren Morris) (Taylor’s Version) (From The Vault),5,14,4,3.68
2021-04-05 03:09:00,Taylor Swift,cardigan,5,14,4,3.71
2021-04-05 07:32:00,Taylor Swift,You All Over Me (feat. Maren Morris) (Taylor’s Version) (From The Vault),5,14,4,3.68
2021-04-05 07:36:00,Taylor Swift,august,5,14,4,4.37
2021-04-05 07:49:00,Maren Morris,The Bones - with Hozier,5,14,4,1.73
2021-04-05 12:12:00,Maren Morris,The Bones - with Hozier,5,14,4,1.58
2021-04-05 12:17:00,Céline Dion,"My Heart Will Go On - Love Theme from ""Titanic""",5,14,4,4.67
2021-04-05 12:22:00,Taylor Swift,exile (feat. Bon Iver),5,14,4,4.76
2021-04-05 12:26:00,Taylor Swift,cardigan,5,14,4,3.99
2021-04-05 12:29:00,Ed Sheeran,Afterglow,5,14,4,3.09
2021-04-05 12:32:00,Shawn Mendes,Señorita,5,14,4,3.18
2021-04-05 12:36:00,Taylor Swift,willow,5,14,4,3.58
2021-04-05 12:41:00,Taylor Swift,evermore (feat. Bon Iver),5,14,4,5.07
2021-04-05 12:46:00,Céline Dion,I Surrender,5,14,4,4.8
2021-04-05 12:58:00,Céline Dion,The Power of Love,5,14,4,5.71
2021-04-05 13:02:00,Taylor Swift,Love Story,5,14,4,3.92
2021-04-05 13:05:00,Lea Salonga,A Whole New World,5,14,4,2.68
2021-04-05 13:08:00,Alan Walker,Faded,5,14,4,3.54
2021-04-05 13:12:00,Shawn Mendes,Where Were You In The Morning?,5,14,4,3.34
2021-04-05 13:17:00,Céline Dion,Let's Talk About Love,5,14,4,5.21
2021-04-05 13:21:00,Céline Dion,I'm Alive,5,14,4,3.5
2021-04-05 13:31:00,Shawn Mendes,There's Nothing Holdin' Me Back,5,14,4,3.32
2021-04-05 13:34:00,Maren Morris,The Bones,5,14,4,3.29
2021-04-05 13:38:00,Alan Walker,Darkside,5,14,4,3.53
2021-04-05 13:42:00,Taylor Swift,Fearless,5,14,4,4.03
2021-04-05 13:45:00,Taylor Swift,Our Song,5,14,4,3.35
2021-04-05 13:49:00,Mandy Moore,"I See the Light - From ""Tangled"" / Soundtrack Version",5,14,4,3.74
2021-04-05 13:53:00,Taylor Swift,champagne problems,5,14,4,4.07
2021-04-05 13:59:00,Céline Dion,Right In Front of You,5,14,4,4.23
2021-04-05 14:02:00,Miranda Lambert,Settling Down,5,14,4,3.29
2021-04-05 14:06:00,Maren Morris,The Bones - with Hozier,5,14,4,3.29
2021-04-05 14:11:00,Taylor Swift,august,5,14,4,4.37
2021-04-05 14:14:00,Dua Lipa,Levitating,5,14,4,3.4
2021-04-05 14:18:00,Dua Lipa,Don't Start Now,5,14,4,3.05
2021-04-05 14:44:00,Tape Machines,Lost You,5,14,4,2.77
2021-04-06 00:09:00,Taylor Swift,You All Over Me (feat. Maren Morris) (Taylor’s Version) (From The Vault),6,14,4,3.68
2021-04-06 00:12:00,Taylor Swift,You All Over Me (feat. Maren Morris) (Taylor’s Version) (From The Vault),6,14,4,3.68
2021-04-06 00:17:00,Céline Dion,"My Heart Will Go On - Love Theme from ""Titanic""",6,14,4,4.67
2021-04-06 00:21:00,Taylor Swift,You All Over Me (feat. Maren Morris) (Taylor’s Version) (From The Vault),6,14,4,3.68
2021-04-06 00:24:00,Maren Morris,The Bones - with Hozier,6,14,4,3.29
2021-04-06 00:27:00,Taylor Swift,Our Song,6,14,4,3.35
2021-04-06 01:02:00,Taylor Swift,willow,6,14,4,3.58
2021-04-06 01:07:00,Taylor Swift,evermore (feat. Bon Iver),6,14,4,5.07
2021-04-06 01:12:00,Céline Dion,I Surrender,6,14,4,4.8
2021-04-06 01:15:00,Ed Sheeran,Afterglow,6,14,4,3.09
2021-04-06 01:18:00,Ed Sheeran,Afterglow,6,14,4,3.09
2021-04-06 01:24:00,Céline Dion,The Power of Love,6,14,4,5.71
2021-04-06 01:28:00,Ed Sheeran,Shape of You,6,14,4,3.9
2021-04-06 01:32:00,Ed Sheeran,Perfect,6,14,4,4.39
2021-04-06 01:36:00,Taylor Swift,Love Story,6,14,4,3.92
2021-04-06 01:38:00,Lea Salonga,A Whole New World,6,14,4,2.68
2021-04-06 01:42:00,Alan Walker,Faded,6,14,4,3.54
2021-04-06 01:45:00,Shawn Mendes,Where Were You In The Morning?,6,14,4,3.34
2021-04-06 01:50:00,Céline Dion,Let's Talk About Love,6,14,4,5.21
2021-04-06 01:54:00,Céline Dion,I'm Alive,6,14,4,3.5
2021-04-06 01:57:00,Shawn Mendes,There's Nothing Holdin' Me Back,6,14,4,3.32
2021-04-06 02:00:00,Maren Morris,The Bones,6,14,4,3.29
2021-04-06 02:04:00,Alan Walker,Darkside,6,14,4,3.53
2021-04-06 02:08:00,Taylor Swift,Fearless,6,14,4,4.03
2021-04-06 02:11:00,Taylor Swift,Our Song,6,14,4,3.35
2021-04-06 02:15:00,Mandy Moore,"I See the Light - From ""Tangled"" / Soundtrack Version",6,14,4,3.74
2021-04-06 02:19:00,Taylor Swift,champagne problems,6,14,4,4.07
2021-04-06 02:23:00,Céline Dion,Right In Front of You,6,14,4,4.23
2021-04-06 02:26:00,Miranda Lambert,Settling Down,6,14,4,3.29
2021-04-06 02:30:00,Taylor Swift,august,6,14,4,0.61
2021-04-06 02:30:00,Maren Morris,The Bones - with Hozier,6,14,4,3.29
2021-04-06 02:32:00,Taylor Swift,august,6,14,4,2.0
2021-04-06 02:38:00,Au/Ra,Dead Girl! (Shake My Head),6,14,4,3.84
2021-04-06 02:41:00,Alan Walker,Fake A Smile,6,14,4,2.78
2021-04-06 02:44:00,Alan Walker,On My Way,6,14,4,3.23
2021-04-06 02:47:00,Alan Walker,Lily,6,14,4,2.67
2021-04-06 02:49:00,Taylor Swift,august,6,14,4,2.25
2021-04-06 02:52:00,Dua Lipa,Levitating,6,14,4,3.4
2021-04-06 02:55:00,Dua Lipa,Don't Start Now,6,14,4,3.05
2021-04-06 02:58:00,Tape Machines,Lost You,6,14,4,3.03
2021-04-06 03:01:00,Harry Styles,Watermelon Sugar,6,14,4,2.9
2021-04-06 03:05:00,Taylor Swift,exile (feat. Bon Iver),6,14,4,0.55
2021-04-06 03:05:00,Taylor Swift,You All Over Me (feat. Maren Morris) (Taylor’s Version) (From The Vault),6,14,4,3.68
2021-04-06 12:21:00,Miranda Lambert,Settling Down,6,14,4,0.74
2021-04-06 12:24:00,Maren Morris,The Bones - with Hozier,6,14,4,3.29
2021-04-06 12:28:00,Taylor Swift,august,6,14,4,4.37
2021-04-06 12:33:00,Céline Dion,Right In Front of You,6,14,4,3.25
2021-04-06 12:37:00,Dua Lipa,Levitating,6,14,4,3.4
2021-04-06 12:40:00,Harry Styles,Watermelon Sugar,6,14,4,2.9
2021-04-06 12:43:00,Miranda Lambert,Settling Down,6,14,4,3.29
2021-04-06 12:46:00,Maren Morris,The Bones - with Hozier,6,14,4,3.29
2021-04-06 12:51:00,Taylor Swift,august,6,14,4,4.37
2021-04-06 12:55:00,Céline Dion,Right In Front of You,6,14,4,4.23
2021-04-06 12:58:00,Dua Lipa,Levitating,6,14,4,3.4
2021-04-06 13:01:00,Harry Styles,Watermelon Sugar,6,14,4,2.9
2021-04-06 13:05:00,Miranda Lambert,Settling Down,6,14,4,3.29
2021-04-06 13:08:00,Maren Morris,The Bones - with Hozier,6,14,4,3.29
2021-04-06 13:12:00,Taylor Swift,august,6,14,4,4.37
2021-04-06 13:16:00,Céline Dion,Right In Front of You,6,14,4,3.57
2021-04-06 13:27:00,Dua Lipa,Levitating,6,14,4,3.4
2021-04-06 13:30:00,Dua Lipa,Don't Start Now,6,14,4,3.05
2021-04-06 13:33:00,Tape Machines,Lost You,6,14,4,3.03
2021-04-06 13:36:00,Harry Styles,Watermelon Sugar,6,14,4,2.9
2021-04-06 13:40:00,Taylor Swift,You All Over Me (feat. Maren Morris) (Taylor’s Version) (From The Vault),6,14,4,3.68
2021-04-06 13:45:00,Taylor Swift,exile (feat. Bon Iver),6,14,4,4.76
2021-04-06 13:49:00,Taylor Swift,cardigan,6,14,4,3.99
2021-04-06 13:53:00,Céline Dion,"My Heart Will Go On - Love Theme from ""Titanic""",6,14,4,2.24
2021-04-06 13:53:00,Ed Sheeran,Afterglow,6,14,4,2.03
2021-04-06 14:00:00,Shawn Mendes,Señorita,6,14,4,3.18
2021-04-07 00:17:00,Taylor Swift,evermore (feat. Bon Iver),7,14,4,5.07
2021-04-07 00:26:00,Taylor Swift,You All Over Me (feat. Maren Morris) (Taylor’s Version) (From The Vault),7,14,4,3.68
2021-04-07 00:31:00,Céline Dion,Right In Front of You,7,14,4,4.23
2021-04-07 01:03:00,Taylor Swift,august,7,14,4,3.94
2021-04-07 01:07:00,Céline Dion,I Surrender,7,14,4,4.8
2021-04-07 01:11:00,Taylor Swift,Love Story,7,14,4,3.92
2021-04-07 01:25:00,Céline Dion,The Power of Love,7,14,4,3.73
2021-04-07 02:38:00,Taylor Swift,You All Over Me (feat. Maren Morris) (Taylor’s Version) (From The Vault),7,14,4,3.68
2021-04-07 02:42:00,Taylor Swift,cardigan,7,14,4,3.99
2021-04-07 02:47:00,Taylor Swift,evermore (feat. Bon Iver),7,14,4,5.07
2021-04-07 02:52:00,Taylor Swift,exile (feat. Bon Iver),7,14,4,4.76
2021-04-07 03:10:00,Céline Dion,"My Heart Will Go On - Love Theme from ""Titanic""",7,14,4,3.61
2021-04-07 03:40:00,Taylor Swift,Enchanted,7,14,4,4.09
2021-04-07 04:45:00,Céline Dion,The Power of Love,7,14,4,5.71
2021-04-07 04:48:00,Ed Sheeran,Afterglow,7,14,4,3.09
2021-04-07 04:52:00,Céline Dion,I'm Alive,7,14,4,3.5
2021-04-07 04:55:00,Shawn Mendes,There's Nothing Holdin' Me Back,7,14,4,3.32
2021-04-07 04:59:00,Taylor Swift,Tim McGraw,7,14,4,3.87
2021-04-07 05:03:00,Taylor Swift,You All Over Me (feat. Maren Morris) (Taylor’s Version) (From The Vault),7,14,4,3.68
2021-04-07 05:06:00,Justin Bieber,Anyone,7,14,4,3.18
2021-04-07 05:09:00,Tape Machines,Lost You,7,14,4,3.03
2021-04-07 05:13:00,Taylor Swift,Delicate,7,14,4,3.87
2021-04-07 05:17:00,Taylor Swift,Love Story,7,14,4,3.92
2021-04-07 05:20:00,Shawn Mendes,Señorita,7,14,4,3.18
2021-04-07 05:22:00,Céline Dion,Where Does My Heart Beat Now,7,14,4,2.24
2021-04-07 05:26:00,Ed Sheeran,Tenerife Sea,7,14,4,4.02
2021-04-07 05:30:00,Maren Morris,The Bones - with Hozier,7,14,4,3.29
2021-04-07 05:37:00,Taylor Swift,august,7,14,4,4.37
2021-04-07 05:40:00,Ed Sheeran,Shape of You,7,14,4,3.9
2021-04-07 05:45:00,Taylor Swift,champagne problems,7,14,4,4.07
2021-04-07 05:48:00,Taylor Swift,Tim McGraw,7,14,4,3.87
2021-04-07 06:01:00,Taylor Swift,Teardrops On My Guitar - Radio Single Remix,7,14,4,2.43
2021-04-07 06:27:00,Dua Lipa,Don't Start Now,7,14,4,3.05
2021-04-07 06:31:00,Taylor Swift,You All Over Me (feat. Maren Morris) (Taylor’s Version) (From The Vault),7,14,4,3.68
2021-04-07 06:34:00,Harry Styles,Watermelon Sugar,7,14,4,2.9
2021-04-07 06:37:00,Maren Morris,The Bones,7,14,4,3.29
2021-04-07 06:42:00,Ed Sheeran,Perfect,7,14,4,4.39
2021-04-07 06:45:00,Shawn Mendes,Señorita,7,14,4,3.18
2021-04-07 06:48:00,Tape Machines,Lost You,7,14,4,3.03
2021-04-07 06:54:00,Taylor Swift,Enchanted,7,14,4,5.87
2021-04-07 06:58:00,Céline Dion,"Because You Loved Me (Theme from ""Up Close and Personal"")",7,14,4,4.56
2021-04-07 07:02:00,Alan Walker,Darkside,7,14,4,3.53
2021-04-07 07:05:00,Shawn Mendes,Where Were You In The Morning?,7,14,4,3.34
2021-04-07 07:10:00,Céline Dion,Right In Front of You,7,14,4,4.23
2021-04-07 07:12:00,Harry Styles,Watermelon Sugar,7,14,4,2.9
2021-04-07 07:16:00,Taylor Swift,Red,7,14,4,3.72
2021-04-07 07:21:00,Taylor Swift,exile (feat. Bon Iver),7,14,4,4.76
2021-04-07 07:25:00,Mandy Moore,"I See the Light - From ""Tangled"" / Soundtrack Version",7,14,4,3.74
2021-04-07 07:28:00,Ed Sheeran,Afterglow,7,14,4,3.09
2021-04-07 12:20:00,Taylor Swift,exile (feat. Bon Iver),7,14,4,4.76
2021-04-07 12:24:00,Ed Sheeran,Tenerife Sea,7,14,4,4.02
2021-04-07 13:04:00,Taylor Swift,Fearless,7,14,4,2.83
2021-04-07 13:07:00,Taylor Swift,You All Over Me (feat. Maren Morris) (Taylor’s Version) (From The Vault),7,14,4,3.68
2021-04-07 13:12:00,Céline Dion,"My Heart Will Go On - Love Theme from ""Titanic""",7,14,4,4.67
2021-04-07 13:15:00,Dua Lipa,Levitating,7,14,4,3.4
2021-04-07 13:18:00,Susan Egan,I Won't Say (I'm In Love),7,14,4,2.34
2021-04-07 13:31:00,Céline Dion,I'm Alive,7,14,4,2.61
2021-04-07 13:34:00,Shawn Mendes,There's Nothing Holdin' Me Back,7,14,4,3.32
2021-04-07 13:39:00,Céline Dion,Let's Talk About Love,7,14,4,5.21
2021-04-07 13:43:00,Taylor Swift,Delicate,7,14,4,3.87
2021-04-07 13:47:00,Alan Walker,Faded,7,14,4,3.54
2021-04-07 13:52:00,Taylor Swift,evermore (feat. Bon Iver),7,14,4,5.07
2021-04-07 14:05:00,Céline Dion,It's All Coming Back to Me Now,7,14,4,3.45
2021-04-07 14:18:00,Miranda Lambert,Settling Down,7,14,4,3.29
2021-04-07 14:22:00,Taylor Swift,Lover,7,14,4,3.69
2021-04-07 14:24:00,Céline Dion,"Beauty and the Beast - from the Soundtrack ""Beauty and the Beast""",7,14,4,2.82
2021-04-07 14:35:00,Taylor Swift,Mr. Perfectly Fine (Taylor’s Version) (From The Vault),7,14,4,1.34
2021-04-07 14:57:00,Taylor Swift,Mr. Perfectly Fine (Taylor’s Version) (From The Vault),7,14,4,4.56
2021-04-08 00:08:00,Céline Dion,Right In Front of You,8,14,4,4.23
2021-04-08 00:12:00,Taylor Swift,willow,8,14,4,3.58
2021-04-08 00:22:00,Alan Walker,Faded,8,14,4,3.54
2021-04-08 00:35:00,Dua Lipa,Levitating,8,14,4,3.1
2021-04-08 02:03:00,Miranda Lambert,Settling Down - Acoustic,8,14,4,2.45
2021-04-08 02:05:00,Miranda Lambert,Settling Down - Acoustic,8,14,4,1.55
2021-04-08 02:08:00,Taylor Swift,Love Story (Taylor's Version) - Elvira Remix,8,14,4,3.53
2021-04-08 02:12:00,Taylor Swift,You All Over Me (feat. Maren Morris) (Taylor’s Version) (From The Vault),8,14,4,3.68
2021-04-08 02:15:00,Taylor Swift,You All Over Me (feat. Maren Morris) (Taylor’s Version) (From The Vault),8,14,4,3.68
2021-04-08 02:19:00,Taylor Swift,You All Over Me (feat. Maren Morris) (Taylor’s Version) (From The Vault),8,14,4,3.68
2021-04-08 02:23:00,Taylor Swift,You All Over Me (feat. Maren Morris) (Taylor’s Version) (From The Vault),8,14,4,3.68
2021-04-08 02:26:00,Taylor Swift,You All Over Me (feat. Maren Morris) (Taylor’s Version) (From The Vault),8,14,4,3.68
2021-04-08 02:30:00,Taylor Swift,You All Over Me (feat. Maren Morris) (Taylor’s Version) (From The Vault),8,14,4,3.68
2021-04-08 02:34:00,Taylor Swift,You All Over Me (feat. Maren Morris) (Taylor’s Version) (From The Vault),8,14,4,3.68
2021-04-08 02:37:00,Taylor Swift,You All Over Me (feat. Maren Morris) (Taylor’s Version) (From The Vault),8,14,4,3.68
2021-04-08 02:46:00,Taylor Swift,You All Over Me (feat. Maren Morris) (Taylor’s Version) (From The Vault),8,14,4,2.27
2021-04-08 06:15:00,Dua Lipa,Levitating,8,14,4,3.46
2021-04-08 06:18:00,Dua Lipa,Don't Start Now,8,14,4,3.05
2021-04-08 06:21:00,Tape Machines,Lost You,8,14,4,3.03
2021-04-08 06:24:00,Harry Styles,Watermelon Sugar,8,14,4,2.9
2021-04-08 06:27:00,Taylor Swift,You All Over Me (feat. Maren Morris) (Taylor’s Version) (From The Vault),8,14,4,3.68
2021-04-08 06:31:00,Taylor Swift,You All Over Me (feat. Maren Morris) (Taylor’s Version) (From The Vault),8,14,4,3.68
2021-04-08 06:54:00,Taylor Swift,You All Over Me (feat. Maren Morris) (Taylor’s Version) (From The Vault),8,14,4,1.94
2021-04-08 11:51:00,Taylor Swift,Mr. Perfectly Fine (Taylor’s Version) (From The Vault),8,14,4,4.63
2021-04-08 11:55:00,Taylor Swift,Mr. Perfectly Fine (Taylor’s Version) (From The Vault),8,14,4,4.63
2021-04-09 00:10:00,Mandy Moore,"I See the Light - From ""Tangled"" / Soundtrack Version",9,14,4,3.74
2021-04-09 00:13:00,Alan Walker,Faded,9,14,4,3.54
2021-04-09 00:17:00,Taylor Swift,Our Song,9,14,4,3.35
2021-04-09 00:22:00,Taylor Swift,evermore (feat. Bon Iver),9,14,4,5.07
2021-04-09 00:26:00,Céline Dion,"My Heart Will Go On - Love Theme from ""Titanic""",9,14,4,4.67
2021-04-09 00:39:00,Taylor Swift,exile (feat. Bon Iver),9,14,4,0.76
2021-04-09 00:43:00,Taylor Swift,august - the long pond studio sessions,9,14,4,1.03
2021-04-09 00:45:00,Taylor Swift,Forever & Always,9,14,4,2.14
2021-04-09 00:49:00,Dua Lipa,Levitating,9,14,4,3.4
2021-04-09 01:08:00,Maren Morris,The Bones - with Hozier,9,14,4,3.29
2021-04-09 01:12:00,Taylor Swift,You All Over Me (feat. Maren Morris) (Taylor’s Version) (From The Vault),9,14,4,3.68
2021-04-09 01:15:00,Harry Styles,Watermelon Sugar,9,14,4,2.9
2021-04-09 01:41:00,Céline Dion,Right In Front of You,9,14,4,4.23
2021-04-09 01:44:00,Miranda Lambert,Settling Down,9,14,4,3.29
2021-04-09 01:48:00,Taylor Swift,august,9,14,4,4.37
2021-04-09 01:52:00,Dua Lipa,Levitating,9,14,4,3.4
2021-04-09 02:00:00,Maren Morris,The Bones - with Hozier,9,14,4,3.29
2021-04-09 02:03:00,Harry Styles,Watermelon Sugar,9,14,4,2.9
2021-04-09 02:07:00,Céline Dion,Right In Front of You,9,14,4,4.23
2021-04-09 02:10:00,Miranda Lambert,Settling Down,9,14,4,3.29
2021-04-09 02:14:00,Taylor Swift,august,9,14,4,4.37
2021-04-09 02:18:00,Taylor Swift,You All Over Me (feat. Maren Morris) (Taylor’s Version) (From The Vault),9,14,4,3.68
2021-04-09 02:34:00,Taylor Swift,Fearless - Commentary,9,14,4,0.91
2021-04-09 02:34:00,Taylor Swift,Fifteen - Commentary,9,14,4,0.56
2021-04-09 02:36:00,Taylor Swift,Fifteen,9,14,4,1.58
2021-04-09 03:58:00,Taylor Swift,exile (feat. Bon Iver),9,14,4,4.01
2021-04-09 04:13:00,Taylor Swift,You All Over Me (feat. Maren Morris) (Taylor’s Version) (From The Vault),9,14,4,2.87
2021-04-09 14:23:00,Taylor Swift,Fearless (Taylor’s Version),9,14,4,4.03
2021-04-09 14:26:00,Taylor Swift,Fifteen (Taylor’s Version),9,14,4,1.92
2021-04-10 00:18:00,Taylor Swift,Love Story (Taylor’s Version),10,14,4,3.93
2021-04-10 00:22:00,Taylor Swift,Hey Stephen (Taylor’s Version),10,14,4,4.24
2021-04-10 00:23:00,Taylor Swift,White Horse (Taylor’s Version),10,14,4,0.66
2021-04-10 00:26:00,Taylor Swift,White Horse (Taylor’s Version),10,14,4,3.25
2021-04-10 00:30:00,Taylor Swift,You Belong With Me (Taylor’s Version),10,14,4,3.85
2021-04-10 00:47:00,Taylor Swift,Breathe (feat. Colbie Caillat) (Taylor’s Version),10,14,4,2.51
2021-04-10 00:59:00,Taylor Swift,Breathe (feat. Colbie Caillat) (Taylor’s Version),10,14,4,1.88
2021-04-10 01:01:00,Taylor Swift,Tell Me Why (Taylor’s Version),10,14,4,1.93
2021-04-10 01:03:00,Taylor Swift,You’re Not Sorry (Taylor’s Version),10,14,4,1.49
2021-04-10 01:04:00,Taylor Swift,The Way I Loved You (Taylor’s Version),10,14,4,1.75
2021-04-10 01:09:00,Taylor Swift,Forever & Always (Taylor’s Version),10,14,4,3.76
2021-04-10 01:11:00,Taylor Swift,The Best Day (Taylor’s Version),10,14,4,1.85
2021-04-10 01:12:00,Taylor Swift,Change (Taylor’s Version),10,14,4,1.33
2021-04-10 01:16:00,Taylor Swift,Jump Then Fall (Taylor’s Version),10,14,4,3.96
2021-04-10 01:18:00,Taylor Swift,Untouchable (Taylor’s Version),10,14,4,1.67
2021-04-10 01:22:00,Taylor Swift,Fearless (Taylor’s Version),10,14,4,3.35
2021-04-10 01:23:00,Taylor Swift,Fifteen (Taylor’s Version),10,14,4,0.63
2021-04-10 01:24:00,Taylor Swift,Fearless (Taylor’s Version),10,14,4,0.8
2021-04-10 01:24:00,Taylor Swift,Come In With The Rain (Taylor’s Version),10,14,4,0.97
2021-04-10 01:28:00,Taylor Swift,Come In With The Rain (Taylor’s Version),10,14,4,3.96
2021-04-10 01:37:00,Taylor Swift,Superstar (Taylor’s Version),10,14,4,3.61
2021-04-10 01:39:00,Taylor Swift,The Other Side Of The Door (Taylor’s Version),10,14,4,1.85
2021-04-10 01:41:00,Taylor Swift,Today Was A Fairytale (Taylor’s Version),10,14,4,1.41
2021-04-10 01:43:00,Taylor Swift,We Were Happy (Taylor’s Version) (From The Vault),10,14,4,2.49
2021-04-10 01:46:00,Taylor Swift,That’s When (feat. Keith Urban) (Taylor’s Version) (From The Vault),10,14,4,3.16
2021-04-10 01:50:00,Taylor Swift,Don’t You (Taylor’s Version) (From The Vault),10,14,4,3.48
2021-04-10 01:54:00,Taylor Swift,Bye Bye Baby (Taylor’s Version) (From The Vault),10,14,4,4.04
2021-04-10 01:58:00,Taylor Swift,You Belong With Me (Taylor’s Version),10,14,4,3.85
2021-04-10 02:03:00,Taylor Swift,Breathe (feat. Colbie Caillat) (Taylor’s Version),10,14,4,4.39
2021-04-10 02:04:00,Taylor Swift,Fearless (Taylor’s Version),10,14,4,1.52
2021-04-10 07:46:00,Taylor Swift,Forever & Always (Taylor’s Version),10,14,4,3.76
2021-04-10 07:50:00,Taylor Swift,Jump Then Fall (Taylor’s Version),10,14,4,3.96
2021-04-10 07:54:00,Taylor Swift,Bye Bye Baby (Taylor’s Version) (From The Vault),10,14,4,4.04
2021-04-10 08:03:00,Taylor Swift,Untouchable (Taylor’s Version),10,14,4,9.49
2021-04-10 08:15:00,Taylor Swift,That’s When (feat. Keith Urban) (Taylor’s Version) (From The Vault),10,14,4,1.54
2021-04-11 00:22:00,Taylor Swift,That’s When (feat. Keith Urban) (Taylor’s Version) (From The Vault),11,14,4,3.75
2021-04-11 00:27:00,Taylor Swift,Untouchable (Taylor’s Version),11,14,4,5.2
2021-04-11 00:38:00,Taylor Swift,We Were Happy (Taylor’s Version) (From The Vault),11,14,4,4.07
2021-04-11 00:47:00,Taylor Swift,Untouchable (Taylor’s Version),11,14,4,5.2
2021-04-11 00:50:00,Taylor Swift,That’s When (feat. Keith Urban) (Taylor’s Version) (From The Vault),11,14,4,3.16
2021-04-11 00:55:00,Taylor Swift,Untouchable (Taylor’s Version),11,14,4,5.2
2021-04-11 00:59:00,Taylor Swift,Jump Then Fall (Taylor’s Version),11,14,4,3.96
2021-04-11 01:02:00,Taylor Swift,That’s When (feat. Keith Urban) (Taylor’s Version) (From The Vault),11,14,4,3.16
2021-04-11 01:06:00,Taylor Swift,Don’t You (Taylor’s Version) (From The Vault),11,14,4,3.48
2021-04-11 01:09:00,Taylor Swift,Bye Bye Baby (Taylor’s Version) (From The Vault),11,14,4,3.0
2021-04-11 01:12:00,Taylor Swift,Forever & Always (Taylor’s Version),11,14,4,2.6
2021-04-11 01:16:00,Taylor Swift,Jump Then Fall (Taylor’s Version),11,14,4,3.96
2021-04-11 01:21:00,Taylor Swift,Untouchable (Taylor’s Version),11,14,4,5.2
2021-04-11 01:23:00,Taylor Swift,That’s When (feat. Keith Urban) (Taylor’s Version) (From The Vault),11,14,4,2.07
2021-04-11 01:24:00,Taylor Swift,That’s When (feat. Keith Urban) (Taylor’s Version) (From The Vault),11,14,4,1.07
2021-04-11 01:28:00,Taylor Swift,You All Over Me (feat. Maren Morris) (Taylor’s Version) (From The Vault),11,14,4,3.68
2021-04-11 01:32:00,Taylor Swift,Jump Then Fall (Taylor’s Version),11,14,4,3.96
2021-04-11 01:37:00,Taylor Swift,Untouchable (Taylor’s Version),11,14,4,5.2
2021-04-11 01:40:00,Taylor Swift,That’s When (feat. Keith Urban) (Taylor’s Version) (From The Vault),11,14,4,3.16
2021-04-11 01:44:00,Taylor Swift,You All Over Me (feat. Maren Morris) (Taylor’s Version) (From The Vault),11,14,4,3.68
2021-04-11 01:48:00,Taylor Swift,Jump Then Fall (Taylor’s Version),11,14,4,3.96
2021-04-11 01:53:00,Taylor Swift,Untouchable (Taylor’s Version),11,14,4,5.2
2021-04-11 01:56:00,Taylor Swift,That’s When (feat. Keith Urban) (Taylor’s Version) (From The Vault),11,14,4,3.16
2021-04-11 02:19:00,Taylor Swift,You All Over Me (feat. Maren Morris) (Taylor’s Version) (From The Vault),11,14,4,3.42
2021-04-11 03:12:00,Taylor Swift,Jump Then Fall (Taylor’s Version),11,14,4,0.57
2021-04-11 03:12:00,Taylor Swift,Untouchable (Taylor’s Version),11,14,4,5.17
2021-04-11 03:15:00,Taylor Swift,That’s When (feat. Keith Urban) (Taylor’s Version) (From The Vault),11,14,4,3.16
2021-04-11 03:28:00,Taylor Swift,Untouchable (Taylor’s Version),11,14,4,2.32
2021-04-11 06:14:00,Taylor Swift,Untouchable (Taylor’s Version),11,14,4,5.2
2021-04-11 06:18:00,Taylor Swift,That’s When (feat. Keith Urban) (Taylor’s Version) (From The Vault),11,14,4,3.16
2021-04-11 06:22:00,Taylor Swift,You All Over Me (feat. Maren Morris) (Taylor’s Version) (From The Vault),11,14,4,3.68
2021-04-11 06:26:00,Taylor Swift,Jump Then Fall (Taylor’s Version),11,14,4,3.96
2021-04-11 06:31:00,Taylor Swift,Untouchable (Taylor’s Version),11,14,4,5.2
2021-04-11 06:34:00,Taylor Swift,That’s When (feat. Keith Urban) (Taylor’s Version) (From The Vault),11,14,4,3.16
2021-04-11 06:38:00,Taylor Swift,You All Over Me (feat. Maren Morris) (Taylor’s Version) (From The Vault),11,14,4,3.68
2021-04-11 06:42:00,Taylor Swift,Jump Then Fall (Taylor’s Version),11,14,4,3.96
2021-04-11 06:47:00,Taylor Swift,Untouchable (Taylor’s Version),11,14,4,5.2
2021-04-11 06:50:00,Taylor Swift,That’s When (feat. Keith Urban) (Taylor’s Version) (From The Vault),11,14,4,3.16
2021-04-11 06:54:00,Taylor Swift,You All Over Me (feat. Maren Morris) (Taylor’s Version) (From The Vault),11,14,4,3.68
2021-04-11 06:58:00,Taylor Swift,Jump Then Fall (Taylor’s Version),11,14,4,3.96
2021-04-11 07:03:00,Taylor Swift,Untouchable (Taylor’s Version),11,14,4,5.2
2021-04-11 07:06:00,Taylor Swift,That’s When (feat. Keith Urban) (Taylor’s Version) (From The Vault),11,14,4,3.16
2021-04-11 07:10:00,Taylor Swift,You All Over Me (feat. Maren Morris) (Taylor’s Version) (From The Vault),11,14,4,3.68
2021-04-11 07:14:00,Taylor Swift,Jump Then Fall (Taylor’s Version),11,14,4,3.96
2021-04-11 07:19:00,Taylor Swift,Untouchable (Taylor’s Version),11,14,4,4.77
2021-04-11 07:23:00,Taylor Swift,Fearless (Taylor’s Version),11,14,4,4.03
2021-04-11 07:26:00,Taylor Swift,White Horse (Taylor’s Version),11,14,4,3.91
2021-04-11 07:28:00,Taylor Swift,Tell Me Why (Taylor’s Version),11,14,4,1.27
2021-04-11 07:30:00,Taylor Swift,The Way I Loved You (Taylor’s Version),11,14,4,2.55
2021-04-11 08:05:00,Taylor Swift,Untouchable (Taylor’s Version),11,14,4,10.37
2021-04-11 08:08:00,Taylor Swift,That’s When (feat. Keith Urban) (Taylor’s Version) (From The Vault),11,14,4,3.16
2021-04-11 08:14:00,Taylor Swift,Untouchable (Taylor’s Version),11,14,4,5.2
2021-04-11 08:26:00,Taylor Swift,Jump Then Fall (Taylor’s Version),11,14,4,1.87
2021-04-11 09:25:00,Taylor Swift,Untouchable (Taylor’s Version),11,14,4,5.2
2021-04-11 09:28:00,Taylor Swift,That’s When (feat. Keith Urban) (Taylor’s Version) (From The Vault),11,14,4,3.16
2021-04-11 09:32:00,Taylor Swift,Jump Then Fall (Taylor’s Version),11,14,4,3.96
2021-04-11 09:35:00,Taylor Swift,That’s When (feat. Keith Urban) (Taylor’s Version) (From The Vault),11,14,4,3.16
2021-04-11 09:41:00,Taylor Swift,Untouchable (Taylor’s Version),11,14,4,5.2
2021-04-11 09:45:00,Taylor Swift,Love Story (Taylor’s Version),11,14,4,3.93
2021-04-11 09:49:00,Taylor Swift,You Belong With Me (Taylor’s Version),11,14,4,1.61
2021-04-11 09:54:00,Taylor Swift,Untouchable (Taylor’s Version),11,14,4,5.2
2021-04-11 09:57:00,Taylor Swift,That’s When (feat. Keith Urban) (Taylor’s Version) (From The Vault),11,14,4,3.16
2021-04-11 10:11:00,Taylor Swift,You All Over Me (feat. Maren Morris) (Taylor’s Version) (From The Vault),11,14,4,3.68
2021-04-11 10:16:00,Taylor Swift,Untouchable (Taylor’s Version),11,14,4,5.2
2021-04-11 10:19:00,Taylor Swift,That’s When (feat. Keith Urban) (Taylor’s Version) (From The Vault),11,14,4,3.16
2021-04-11 10:31:00,Taylor Swift,Jump Then Fall (Taylor’s Version),11,14,4,1.37
2021-04-12 00:26:00,Taylor Swift,Untouchable (Taylor’s Version),12,15,4,5.2
2021-04-12 00:29:00,Taylor Swift,That’s When (feat. Keith Urban) (Taylor’s Version) (From The Vault),12,15,4,3.16
2021-04-12 00:33:00,Taylor Swift,You All Over Me (feat. Maren Morris) (Taylor’s Version) (From The Vault),12,15,4,3.68
2021-04-12 00:37:00,Taylor Swift,Jump Then Fall (Taylor’s Version),12,15,4,3.96
2021-04-12 00:59:00,Taylor Swift,Untouchable (Taylor’s Version),12,15,4,4.89
2021-04-12 01:20:00,Taylor Swift,Jump Then Fall (Taylor’s Version),12,15,4,3.96
2021-04-12 01:25:00,Taylor Swift,Untouchable (Taylor’s Version),12,15,4,5.2
2021-04-12 01:28:00,Taylor Swift,That’s When (feat. Keith Urban) (Taylor’s Version) (From The Vault),12,15,4,3.16
2021-04-12 01:33:00,Taylor Swift,You All Over Me (feat. Maren Morris) (Taylor’s Version) (From The Vault),12,15,4,3.68
2021-04-12 01:38:00,Taylor Swift,Untouchable (Taylor’s Version),12,15,4,5.2
2021-04-12 01:41:00,Taylor Swift,That’s When (feat. Keith Urban) (Taylor’s Version) (From The Vault),12,15,4,3.16
2021-04-12 01:45:00,Taylor Swift,You All Over Me (feat. Maren Morris) (Taylor’s Version) (From The Vault),12,15,4,3.68
2021-04-12 01:50:00,Taylor Swift,Untouchable (Taylor’s Version),12,15,4,5.2
2021-04-12 01:53:00,Taylor Swift,That’s When (feat. Keith Urban) (Taylor’s Version) (From The Vault),12,15,4,3.16
2021-04-12 01:57:00,Taylor Swift,You All Over Me (feat. Maren Morris) (Taylor’s Version) (From The Vault),12,15,4,3.68
2021-04-12 01:59:00,Taylor Swift,Jump Then Fall (Taylor’s Version),12,15,4,1.64
2021-04-12 02:04:00,Taylor Swift,Untouchable (Taylor’s Version),12,15,4,5.2
2021-04-12 02:07:00,Taylor Swift,That’s When (feat. Keith Urban) (Taylor’s Version) (From The Vault),12,15,4,3.16
2021-04-12 02:11:00,Taylor Swift,You All Over Me (feat. Maren Morris) (Taylor’s Version) (From The Vault),12,15,4,3.68
2021-04-12 02:15:00,Taylor Swift,Jump Then Fall (Taylor’s Version),12,15,4,3.96
2021-04-12 02:20:00,Taylor Swift,Untouchable (Taylor’s Version),12,15,4,5.2
2021-04-12 02:23:00,Taylor Swift,That’s When (feat. Keith Urban) (Taylor’s Version) (From The Vault),12,15,4,3.16
2021-04-12 02:24:00,Taylor Swift,You All Over Me (feat. Maren Morris) (Taylor’s Version) (From The Vault),12,15,4,1.38
2021-04-12 02:28:00,Taylor Swift,Fearless (Taylor’s Version),12,15,4,4.03
2021-04-12 02:31:00,Taylor Swift,Love Story (Taylor’s Version),12,15,4,0.82
2021-04-12 02:37:00,Taylor Swift,Untouchable (Taylor’s Version),12,15,4,5.2
2021-04-12 02:40:00,Taylor Swift,That’s When (feat. Keith Urban) (Taylor’s Version) (From The Vault),12,15,4,3.16
2021-04-12 02:44:00,Taylor Swift,You All Over Me (feat. Maren Morris) (Taylor’s Version) (From The Vault),12,15,4,3.68
2021-04-12 02:49:00,Taylor Swift,Untouchable (Taylor’s Version),12,15,4,5.2
2021-04-12 04:01:00,Taylor Swift,Untouchable (Taylor’s Version),12,15,4,5.2
2021-04-12 04:04:00,Taylor Swift,That’s When (feat. Keith Urban) (Taylor’s Version) (From The Vault),12,15,4,3.16
2021-04-12 09:54:00,Taylor Swift,Untouchable (Taylor’s Version),12,15,4,0.67
2021-04-12 14:12:00,Taylor Swift,Untouchable (Taylor’s Version),12,15,4,4.24
2021-04-12 14:40:00,Taylor Swift,Untouchable (Taylor’s Version),12,15,4,4.54
2021-04-12 14:43:00,Taylor Swift,That’s When (feat. Keith Urban) (Taylor’s Version) (From The Vault),12,15,4,3.16
2021-04-12 14:49:00,Taylor Swift,Untouchable (Taylor’s Version),12,15,4,5.2
2021-04-12 14:52:00,Taylor Swift,That’s When (feat. Keith Urban) (Taylor’s Version) (From The Vault),12,15,4,3.16
2021-04-12 15:04:00,Taylor Swift,Jump Then Fall (Taylor’s Version),12,15,4,1.44
2021-04-13 00:21:00,Taylor Swift,Untouchable (Taylor’s Version),13,15,4,5.2
2021-04-13 00:25:00,Taylor Swift,You All Over Me (feat. Maren Morris) (Taylor’s Version) (From The Vault),13,15,4,3.68
2021-04-13 00:28:00,Taylor Swift,That’s When (feat. Keith Urban) (Taylor’s Version) (From The Vault),13,15,4,3.16
2021-04-13 00:34:00,Taylor Swift,Untouchable (Taylor’s Version),13,15,4,5.2
2021-04-13 00:46:00,Taylor Swift,You All Over Me (feat. Maren Morris) (Taylor’s Version) (From The Vault),13,15,4,0.65
2021-04-13 00:50:00,Taylor Swift,willow,13,15,4,3.58
2021-04-13 00:53:00,Dua Lipa,Levitating,13,15,4,3.4
2021-04-13 00:57:00,Taylor Swift,You All Over Me (feat. Maren Morris) (Taylor’s Version) (From The Vault),13,15,4,3.68
2021-04-13 01:02:00,Céline Dion,Let's Talk About Love,13,15,4,5.21
2021-04-13 01:05:00,Tape Machines,Lost You,13,15,4,3.03
2021-04-13 01:08:00,Shawn Mendes,Where Were You In The Morning?,13,15,4,3.16
2021-04-13 01:12:00,Alan Walker,Faded,13,15,4,3.54
2021-04-13 01:16:00,Céline Dion,Right In Front of You,13,15,4,4.23
2021-04-13 01:21:00,Taylor Swift,evermore (feat. Bon Iver),13,15,4,5.07
2021-04-13 01:24:00,Lea Salonga,A Whole New World,13,15,4,2.68
2021-04-13 01:27:00,Miranda Lambert,Settling Down,13,15,4,3.29
2021-04-13 01:30:00,Céline Dion,I'm Alive,13,15,4,3.5
2021-04-13 01:33:00,Harry Styles,Watermelon Sugar,13,15,4,2.9
2021-04-13 01:38:00,Taylor Swift,august,13,15,4,4.37
2021-04-13 01:41:00,Shawn Mendes,Señorita,13,15,4,3.18
2021-04-13 01:45:00,Taylor Swift,champagne problems,13,15,4,4.07
2021-04-13 01:49:00,Taylor Swift,exile (feat. Bon Iver),13,15,4,4.76
2021-04-13 01:52:00,Ed Sheeran,Afterglow,13,15,4,3.09
2021-04-13 01:58:00,Céline Dion,The Power of Love,13,15,4,5.71
2021-04-13 02:01:00,Shawn Mendes,There's Nothing Holdin' Me Back,13,15,4,3.32
2021-04-13 02:05:00,Ed Sheeran,Shape of You,13,15,4,3.9
2021-04-13 02:10:00,Ed Sheeran,Perfect,13,15,4,4.39
2021-04-13 02:13:00,Maren Morris,The Bones - with Hozier,13,15,4,3.29
2021-04-13 02:16:00,Dua Lipa,Don't Start Now,13,15,4,3.05
2021-04-13 02:21:00,Taylor Swift,Untouchable (Taylor’s Version),13,15,4,5.2
2021-04-13 02:24:00,Taylor Swift,That’s When (feat. Keith Urban) (Taylor’s Version) (From The Vault),13,15,4,3.16
2021-04-13 02:28:00,Taylor Swift,Fearless,13,15,4,4.03
2021-04-13 02:32:00,Taylor Swift,cardigan,13,15,4,3.99
2021-04-13 02:33:00,Taylor Swift,Our Song,13,15,4,0.63
2021-04-13 02:45:00,Taylor Swift,Untouchable (Taylor’s Version),13,15,4,5.2
2021-04-13 02:50:00,Taylor Swift,That’s When (feat. Keith Urban) (Taylor’s Version) (From The Vault),13,15,4,3.16
2021-04-13 02:54:00,Taylor Swift,Jump Then Fall (Taylor’s Version),13,15,4,2.51
2021-04-13 02:57:00,Taylor Swift,You All Over Me (feat. Maren Morris) (Taylor’s Version) (From The Vault),13,15,4,3.68
2021-04-13 03:03:00,Taylor Swift,Untouchable (Taylor’s Version),13,15,4,5.2
2021-04-13 03:14:00,Taylor Swift,That’s When (feat. Keith Urban) (Taylor’s Version) (From The Vault),13,15,4,1.74
2021-04-13 05:07:00,Taylor Swift,cardigan,13,15,4,3.99
2021-04-13 05:10:00,Taylor Swift,That’s When (feat. Keith Urban) (Taylor’s Version) (From The Vault),13,15,4,3.16
2021-04-13 05:43:00,Ed Sheeran,Perfect,13,15,4,1.84
2021-04-13 06:04:00,Taylor Swift,That’s When (feat. Keith Urban) (Taylor’s Version) (From The Vault),13,15,4,3.18
2021-04-13 06:08:00,Taylor Swift,Jump Then Fall (Taylor’s Version),13,15,4,3.96
2021-04-13 06:12:00,Taylor Swift,You All Over Me (feat. Maren Morris) (Taylor’s Version) (From The Vault),13,15,4,3.68
2021-04-13 06:17:00,Taylor Swift,Untouchable (Taylor’s Version),13,15,4,5.2
2021-04-13 06:20:00,Taylor Swift,That’s When (feat. Keith Urban) (Taylor’s Version) (From The Vault),13,15,4,3.16
2021-04-13 06:24:00,Taylor Swift,Jump Then Fall (Taylor’s Version),13,15,4,3.96
2021-04-13 06:28:00,Taylor Swift,You All Over Me (feat. Maren Morris) (Taylor’s Version) (From The Vault),13,15,4,3.68
2021-04-13 06:33:00,Taylor Swift,Untouchable (Taylor’s Version),13,15,4,5.2
2021-04-13 06:36:00,Taylor Swift,That’s When (feat. Keith Urban) (Taylor’s Version) (From The Vault),13,15,4,3.16
2021-04-13 06:38:00,Taylor Swift,Jump Then Fall (Taylor’s Version),13,15,4,2.02
2021-04-13 06:42:00,Taylor Swift,You All Over Me (feat. Maren Morris) (Taylor’s Version) (From The Vault),13,15,4,3.68
2021-04-13 06:47:00,Taylor Swift,Untouchable (Taylor’s Version),13,15,4,5.2
2021-04-13 06:50:00,Taylor Swift,That’s When (feat. Keith Urban) (Taylor’s Version) (From The Vault),13,15,4,3.16
2021-04-13 06:54:00,Taylor Swift,You All Over Me (feat. Maren Morris) (Taylor’s Version) (From The Vault),13,15,4,3.68
2021-04-13 06:55:00,Taylor Swift,Jump Then Fall (Taylor’s Version),13,15,4,0.63
2021-04-13 07:00:00,Taylor Swift,Untouchable (Taylor’s Version),13,15,4,5.2
2021-04-13 07:15:00,Taylor Swift,That’s When (feat. Keith Urban) (Taylor’s Version) (From The Vault),13,15,4,1.09
2021-04-13 07:32:00,Taylor Swift,You All Over Me (feat. Maren Morris) (Taylor’s Version) (From The Vault),13,15,4,3.68
2021-04-13 07:37:00,Taylor Swift,Untouchable (Taylor’s Version),13,15,4,5.2
2021-04-13 07:41:00,Taylor Swift,Forever & Always (Taylor’s Version),13,15,4,3.76
2021-04-13 07:44:00,Taylor Swift,That’s When (feat. Keith Urban) (Taylor’s Version) (From The Vault),13,15,4,3.16
2021-04-13 07:48:00,Taylor Swift,Jump Then Fall (Taylor’s Version),13,15,4,3.96
2021-04-13 07:52:00,Taylor Swift,White Horse (Taylor’s Version),13,15,4,3.91
2021-04-13 07:55:00,Taylor Swift,You All Over Me (feat. Maren Morris) (Taylor’s Version) (From The Vault),13,15,4,3.68
2021-04-13 08:01:00,Taylor Swift,Untouchable (Taylor’s Version),13,15,4,5.2
2021-04-13 08:04:00,Taylor Swift,Forever & Always (Taylor’s Version),13,15,4,3.76
2021-04-13 08:09:00,Taylor Swift,That’s When (feat. Keith Urban) (Taylor’s Version) (From The Vault),13,15,4,3.16
2021-04-13 08:13:00,Taylor Swift,White Horse (Taylor’s Version),13,15,4,3.91
2021-04-13 08:24:00,Taylor Swift,You All Over Me (feat. Maren Morris) (Taylor’s Version) (From The Vault),13,15,4,1.12
2021-04-13 14:22:00,Taylor Swift,Untouchable (Taylor’s Version),13,15,4,5.2
2021-04-13 14:25:00,Taylor Swift,That’s When (feat. Keith Urban) (Taylor’s Version) (From The Vault),13,15,4,3.16
2021-04-13 14:27:00,Taylor Swift,You All Over Me (feat. Maren Morris) (Taylor’s Version) (From The Vault),13,15,4,2.08
2021-04-13 14:54:00,Taylor Swift,Untouchable (Taylor’s Version),13,15,4,5.2
2021-04-13 14:57:00,Taylor Swift,That’s When (feat. Keith Urban) (Taylor’s Version) (From The Vault),13,15,4,3.16
2021-04-13 15:01:00,Taylor Swift,Forever & Always (Taylor’s Version),13,15,4,3.76
2021-04-14 00:16:00,Taylor Swift,White Horse (Taylor’s Version),14,15,4,0.99
2021-04-14 00:20:00,Taylor Swift,That’s When (feat. Keith Urban) (Taylor’s Version) (From The Vault),14,15,4,3.16
2021-04-14 00:24:00,Taylor Swift,White Horse (Taylor’s Version),14,15,4,3.91
2021-04-14 00:33:00,Taylor Swift,You All Over Me (feat. Maren Morris) (Taylor’s Version) (From The Vault),14,15,4,3.68
2021-04-14 00:44:00,Taylor Swift,Untouchable (Taylor’s Version),14,15,4,3.41
2021-04-14 00:49:00,Ed Sheeran,Perfect,14,15,4,4.39
2021-04-14 00:52:00,Dua Lipa,Don't Start Now,14,15,4,3.05
2021-04-14 00:55:00,Alan Walker,Darkside,14,15,4,3.53
2021-04-14 01:01:00,Céline Dion,Let's Talk About Love,14,15,4,5.21
2021-04-14 01:04:00,Shawn Mendes,Where Were You In The Morning?,14,15,4,3.34
2021-04-14 01:07:00,Taylor Swift,That’s When (feat. Keith Urban) (Taylor’s Version) (From The Vault),14,15,4,3.16
2021-04-14 01:10:00,Céline Dion,I'm Alive,14,15,4,3.5
2021-04-14 01:14:00,Ed Sheeran,Afterglow,14,15,4,3.09
2021-04-14 01:18:00,Céline Dion,I Surrender,14,15,4,4.8
2021-04-14 01:22:00,Taylor Swift,You All Over Me (feat. Maren Morris) (Taylor’s Version) (From The Vault),14,15,4,3.68
2021-04-14 01:27:00,Taylor Swift,Untouchable (Taylor’s Version),14,15,4,5.2
2021-04-14 01:30:00,Maren Morris,The Bones - with Hozier,14,15,4,3.29
2021-04-14 01:34:00,Miranda Lambert,Settling Down,14,15,4,3.29
2021-04-14 01:37:00,Dua Lipa,Levitating,14,15,4,3.4
2021-04-14 01:41:00,Taylor Swift,Love Story,14,15,4,3.92
2021-04-14 01:44:00,Alan Walker,Faded,14,15,4,3.54
2021-04-14 01:48:00,Taylor Swift,You All Over Me (feat. Maren Morris) (Taylor’s Version) (From The Vault),14,15,4,3.68
2021-04-14 01:52:00,Ed Sheeran,Shape of You,14,15,4,3.9
2021-04-14 01:55:00,Shawn Mendes,Señorita,14,15,4,3.18
2021-04-14 01:59:00,Mandy Moore,"I See the Light - From ""Tangled"" / Soundtrack Version",14,15,4,3.74
2021-04-14 02:03:00,Taylor Swift,champagne problems,14,15,4,4.07
2021-04-14 02:07:00,Taylor Swift,Fearless,14,15,4,4.03
2021-04-14 02:11:00,Taylor Swift,Our Song,14,15,4,1.86
2021-04-14 04:03:00,Taylor Swift,Untouchable (Taylor’s Version),14,15,4,5.2
2021-04-14 04:29:00,Taylor Swift,That’s When (feat. Keith Urban) (Taylor’s Version) (From The Vault),14,15,4,2.62
2021-04-14 08:00:00,Taylor Swift,Untouchable (Taylor’s Version),14,15,4,5.2
2021-04-14 08:05:00,Taylor Swift,That’s When (feat. Keith Urban) (Taylor’s Version) (From The Vault),14,15,4,3.16
2021-04-14 08:08:00,Taylor Swift,You All Over Me (feat. Maren Morris) (Taylor’s Version) (From The Vault),14,15,4,3.68
2021-04-14 08:10:00,Taylor Swift,White Horse (Taylor’s Version),14,15,4,1.5
2021-04-14 08:14:00,Taylor Swift,Forever & Always (Taylor’s Version),14,15,4,3.76
2021-04-14 08:29:00,Taylor Swift,You All Over Me (feat. Maren Morris) (Taylor’s Version) (From The Vault),14,15,4,3.68
2021-04-14 08:32:00,Taylor Swift,That’s When (feat. Keith Urban) (Taylor’s Version) (From The Vault),14,15,4,3.16
2021-04-14 08:37:00,Taylor Swift,exile (feat. Bon Iver),14,15,4,4.76
2021-04-14 08:49:00,Taylor Swift,Untouchable (Taylor’s Version),14,15,4,1.14
2021-04-14 08:58:00,Taylor Swift,cardigan,14,15,4,0.69
2021-04-14 08:58:00,Taylor Swift,Untouchable (Taylor’s Version),14,15,4,4.06
2021-04-14 09:02:00,Taylor Swift,You All Over Me (feat. Maren Morris) (Taylor’s Version) (From The Vault),14,15,4,3.68
2021-04-14 09:05:00,Ed Sheeran,Afterglow,14,15,4,3.09
2021-04-14 09:10:00,Céline Dion,"My Heart Will Go On - Love Theme from ""Titanic""",14,15,4,4.67
2021-04-14 09:54:00,Shawn Mendes,Señorita,14,15,4,3.15
2021-04-14 09:57:00,Taylor Swift,willow,14,15,4,3.58
2021-04-14 10:02:00,Taylor Swift,evermore (feat. Bon Iver),14,15,4,5.07
2021-04-14 10:07:00,Céline Dion,I Surrender,14,15,4,4.8
2021-04-14 10:13:00,Céline Dion,The Power of Love,14,15,4,5.71
2021-04-14 10:17:00,Ed Sheeran,Shape of You,14,15,4,3.9
2021-04-14 10:31:00,Ed Sheeran,Perfect,14,15,4,4.39
2021-04-14 10:35:00,Mandy Moore,"I See the Light - From ""Tangled"" / Soundtrack Version",14,15,4,3.74
2021-04-14 10:39:00,Maren Morris,The Bones - with Hozier,14,15,4,3.29
2021-04-14 10:44:00,Taylor Swift,august,14,15,4,4.37
2021-04-14 10:59:00,Dua Lipa,Levitating,14,15,4,1.56
2021-04-14 11:31:00,Dua Lipa,Levitating,14,15,4,1.84
2021-04-14 11:39:00,Lea Salonga,A Whole New World,14,15,4,2.68
2021-04-14 11:58:00,Alan Walker,Faded,14,15,4,2.21
2021-04-14 13:31:00,Shawn Mendes,There's Nothing Holdin' Me Back,14,15,4,3.32
2021-04-14 13:32:00,Harry Styles,Watermelon Sugar,14,15,4,1.45
2021-04-14 14:43:00,Taylor Swift,Untouchable (Taylor’s Version),14,15,4,5.2
2021-04-14 14:46:00,Taylor Swift,That’s When (feat. Keith Urban) (Taylor’s Version) (From The Vault),14,15,4,3.16
2021-04-14 15:01:00,Taylor Swift,You All Over Me (feat. Maren Morris) (Taylor’s Version) (From The Vault),14,15,4,1.91
2021-04-15 00:07:00,Taylor Swift,Untouchable (Taylor’s Version),15,15,4,5.2
2021-04-15 00:10:00,Taylor Swift,That’s When (feat. Keith Urban) (Taylor’s Version) (From The Vault),15,15,4,3.16
2021-04-15 00:19:00,Taylor Swift,You All Over Me (feat. Maren Morris) (Taylor’s Version) (From The Vault),15,15,4,3.68
2021-04-15 00:21:00,Taylor Swift,White Horse (Taylor’s Version),15,15,4,1.38
2021-04-15 00:35:00,Harry Styles,Watermelon Sugar,15,15,4,2.9
2021-04-15 00:35:00,Taylor Swift,Forever & Always (Taylor’s Version),15,15,4,2.79
2021-04-15 00:38:00,Taylor Swift,willow,15,15,4,3.58
2021-04-15 00:43:00,Céline Dion,"My Heart Will Go On - Love Theme from ""Titanic""",15,15,4,4.67
2021-04-15 00:47:00,Taylor Swift,august,15,15,4,4.37
2021-04-15 00:50:00,Lea Salonga,A Whole New World,15,15,4,2.68
2021-04-15 00:55:00,Céline Dion,The Power of Love,15,15,4,5.71
2021-04-15 01:00:00,Taylor Swift,exile (feat. Bon Iver),15,15,4,4.76
2021-04-15 01:05:00,Taylor Swift,evermore (feat. Bon Iver),15,15,4,5.07
2021-04-15 01:09:00,Céline Dion,Right In Front of You,15,15,4,4.23
2021-04-15 01:12:00,Tape Machines,Lost You,15,15,4,3.03
2021-04-15 01:16:00,Taylor Swift,cardigan,15,15,4,3.99
2021-04-15 01:20:00,Maren Morris,The Bones,15,15,4,3.29
2021-04-15 01:21:00,Ed Sheeran,Perfect,15,15,4,1.41
2021-04-15 01:24:00,Taylor Swift,That’s When (feat. Keith Urban) (Taylor’s Version) (From The Vault),15,15,4,3.16
2021-04-15 01:28:00,Céline Dion,I'm Alive,15,15,4,3.5
2021-04-15 01:31:00,Ed Sheeran,Afterglow,15,15,4,3.09
2021-04-15 01:35:00,Céline Dion,I Surrender,15,15,4,4.8
2021-04-15 01:39:00,Taylor Swift,You All Over Me (feat. Maren Morris) (Taylor’s Version) (From The Vault),15,15,4,3.68
2021-04-15 01:44:00,Taylor Swift,Untouchable (Taylor’s Version),15,15,4,5.2
2021-04-15 01:47:00,Maren Morris,The Bones - with Hozier,15,15,4,3.29
2021-04-15 01:51:00,Miranda Lambert,Settling Down,15,15,4,3.29
2021-04-15 01:54:00,Dua Lipa,Levitating,15,15,4,3.4
2021-04-15 01:57:00,Taylor Swift,Love Story,15,15,4,2.88
2021-04-15 02:37:00,Taylor Swift,Untouchable (Taylor’s Version),15,15,4,5.2
2021-04-15 02:49:00,Taylor Swift,That’s When (feat. Keith Urban) (Taylor’s Version) (From The Vault),15,15,4,1.26
2021-04-15 04:21:00,Shawn Mendes,Señorita,15,15,4,3.18
2021-04-15 04:26:00,Taylor Swift,Untouchable (Taylor’s Version),15,15,4,5.2
2021-04-15 04:29:00,Harry Styles,Watermelon Sugar,15,15,4,2.9
2021-04-15 04:32:00,Dua Lipa,Don't Start Now,15,15,4,3.05
2021-04-15 04:36:00,Taylor Swift,cardigan,15,15,4,3.99
2021-04-15 04:40:00,Ed Sheeran,Shape of You,15,15,4,3.9
2021-04-15 04:43:00,Taylor Swift,That’s When (feat. Keith Urban) (Taylor’s Version) (From The Vault),15,15,4,3.16
2021-04-15 04:46:00,Céline Dion,I'm Alive,15,15,4,3.5
2021-04-15 04:50:00,Taylor Swift,Our Song,15,15,4,3.35
2021-04-15 04:52:00,Lea Salonga,A Whole New World,15,15,4,2.68
2021-04-15 04:56:00,Dua Lipa,Levitating,15,15,4,3.4
2021-04-15 05:01:00,Taylor Swift,Love Story,15,15,4,3.92
2021-04-15 05:04:00,Taylor Swift,willow,15,15,4,3.58
2021-04-15 05:09:00,Taylor Swift,Fearless,15,15,4,4.03
2021-04-15 05:14:00,Céline Dion,The Power of Love,15,15,4,5.71
2021-04-15 05:18:00,Maren Morris,The Bones,15,15,4,3.29
2021-04-15 05:23:00,Taylor Swift,evermore (feat. Bon Iver),15,15,4,5.07
2021-04-15 05:26:00,Shawn Mendes,There's Nothing Holdin' Me Back,15,15,4,3.32
2021-04-15 05:29:00,Ed Sheeran,Perfect,15,15,4,2.38
2021-04-15 06:33:00,Taylor Swift,Untouchable (Taylor’s Version),15,15,4,5.2
2021-04-15 06:36:00,Taylor Swift,That’s When (feat. Keith Urban) (Taylor’s Version) (From The Vault),15,15,4,3.16
2021-04-15 06:48:00,Taylor Swift,You All Over Me (feat. Maren Morris) (Taylor’s Version) (From The Vault),15,15,4,2.07
2021-04-15 14:42:00,Taylor Swift,Untouchable (Taylor’s Version),15,15,4,5.2
2021-04-15 14:45:00,Taylor Swift,That’s When (feat. Keith Urban) (Taylor’s Version) (From The Vault),15,15,4,3.16
2021-04-15 14:47:00,Taylor Swift,You All Over Me (feat. Maren Morris) (Taylor’s Version) (From The Vault),15,15,4,2.09
2021-04-15 14:48:00,Annie Lennox,Into the West,15,15,4,0.99
2021-04-15 14:49:00,Lola Lennox,Wherever You Go,15,15,4,1.02
2021-04-16 00:08:00,Alan Walker,Darkside,16,15,4,3.53
2021-04-16 00:11:00,Tape Machines,Lost You,16,15,4,3.03
2021-04-16 00:22:00,Shawn Mendes,Señorita,16,15,4,3.18
2021-04-16 00:31:00,Taylor Swift,cardigan,16,15,4,3.99
2021-04-16 00:32:00,Alan Walker,Faded,16,15,4,1.28
2021-04-16 00:36:00,Taylor Swift,You All Over Me (feat. Maren Morris) (Taylor’s Version) (From The Vault),16,15,4,3.68
2021-04-16 00:40:00,Ed Sheeran,Shape of You,16,15,4,3.9
2021-04-16 00:43:00,Shawn Mendes,Señorita,16,15,4,3.18
2021-04-16 00:47:00,Mandy Moore,"I See the Light - From ""Tangled"" / Soundtrack Version",16,15,4,3.74
2021-04-16 00:51:00,Taylor Swift,champagne problems,16,15,4,4.07
2021-04-16 00:55:00,Taylor Swift,Fearless,16,15,4,4.03
2021-04-16 00:58:00,Taylor Swift,Our Song,16,15,4,3.35
2021-04-16 01:02:00,Shawn Mendes,There's Nothing Holdin' Me Back,16,15,4,3.32
2021-04-16 01:04:00,Harry Styles,Watermelon Sugar,16,15,4,2.9
2021-04-16 01:08:00,Taylor Swift,willow,16,15,4,3.58
2021-04-16 01:13:00,Céline Dion,"My Heart Will Go On - Love Theme from ""Titanic""",16,15,4,4.67
2021-04-16 01:17:00,Taylor Swift,august,16,15,4,4.37
2021-04-16 01:20:00,Lea Salonga,A Whole New World,16,15,4,2.68
2021-04-16 01:32:00,Céline Dion,The Power of Love,16,15,4,1.18
2021-04-16 01:37:00,Taylor Swift,exile (feat. Bon Iver),16,15,4,4.76
2021-04-16 01:42:00,Taylor Swift,evermore (feat. Bon Iver),16,15,4,5.07
2021-04-16 01:46:00,Céline Dion,Right In Front of You,16,15,4,4.23
2021-04-16 01:49:00,Tape Machines,Lost You,16,15,4,3.03
2021-04-16 01:52:00,Maren Morris,The Bones,16,15,4,3.29
2021-04-16 01:54:00,Ed Sheeran,Perfect,16,15,4,1.33
2021-04-16 01:57:00,Dua Lipa,Don't Start Now,16,15,4,3.05
2021-04-16 02:00:00,Alan Walker,Darkside,16,15,4,3.53
2021-04-16 02:05:00,Céline Dion,Let's Talk About Love,16,15,4,5.21
2021-04-16 02:09:00,Shawn Mendes,Where Were You In The Morning?,16,15,4,3.34
2021-04-16 02:12:00,Taylor Swift,That’s When (feat. Keith Urban) (Taylor’s Version) (From The Vault),16,15,4,3.16
2021-04-16 02:19:00,Céline Dion,I'm Alive,16,15,4,3.27
2021-04-16 04:18:00,Milly,No Te Enamores - Alan Walker Remix,16,15,4,0.82
2021-04-16 04:23:00,Alan Walker,Darkside,16,15,4,3.53
2021-04-16 04:26:00,Taylor Swift,That’s When (feat. Keith Urban) (Taylor’s Version) (From The Vault),16,15,4,3.16
2021-04-16 04:33:00,Céline Dion,I'm Alive,16,15,4,3.5
2021-04-16 04:36:00,Miranda Lambert,Settling Down,16,15,4,3.29
2021-04-16 04:39:00,Lea Salonga,A Whole New World,16,15,4,2.68
2021-04-16 04:42:00,Tape Machines,Lost You,16,15,4,3.03
2021-04-16 04:46:00,Taylor Swift,champagne problems,16,15,4,4.07
2021-04-16 05:56:00,Céline Dion,"My Heart Will Go On - Love Theme from ""Titanic""",16,15,4,1.94
2021-04-16 14:49:00,Taylor Swift,Untouchable (Taylor’s Version),16,15,4,5.2
2021-04-16 14:50:00,Taylor Swift,White Horse (Taylor’s Version),16,15,4,1.74
2021-04-16 15:12:00,Taylor Swift,That’s When (feat. Keith Urban) (Taylor’s Version) (From The Vault),16,15,4,2.75
2021-04-17 00:06:00,Taylor Swift,We Were Happy (Taylor’s Version) (From The Vault),17,15,4,1.72
2021-04-17 00:11:00,Taylor Swift,Untouchable (Taylor’s Version),17,15,4,5.2
2021-04-17 00:14:00,Maren Morris,The Bones - with Hozier,17,15,4,3.29
2021-04-17 00:19:00,Taylor Swift,august,17,15,4,4.37
2021-04-17 00:22:00,Dua Lipa,Levitating,17,15,4,3.4
2021-04-17 00:40:00,Harry Styles,Watermelon Sugar,17,15,4,2.08
2021-04-17 00:58:00,Taylor Swift,Our Song,17,15,4,3.35
2021-04-17 01:01:00,Mandy Moore,"I See the Light - From ""Tangled"" / Soundtrack Version",17,15,4,3.74
2021-04-17 01:06:00,Taylor Swift,august,17,15,4,4.37
2021-04-17 01:09:00,Ed Sheeran,Shape of You,17,15,4,3.9
2021-04-17 01:15:00,Taylor Swift,Untouchable (Taylor’s Version),17,15,4,5.2
2021-04-17 01:18:00,Taylor Swift,That’s When (feat. Keith Urban) (Taylor’s Version) (From The Vault),17,15,4,3.16
2021-04-17 01:21:00,Taylor Swift,willow,17,15,4,3.58
2021-04-17 01:25:00,Taylor Swift,You All Over Me (feat. Maren Morris) (Taylor’s Version) (From The Vault),17,15,4,3.68
2021-04-17 01:28:00,Shawn Mendes,There's Nothing Holdin' Me Back,17,15,4,3.32
2021-04-17 01:32:00,Taylor Swift,cardigan,17,15,4,3.99
2021-04-17 01:35:00,Lea Salonga,A Whole New World,17,15,4,2.68
2021-04-17 01:38:00,Maren Morris,The Bones - with Hozier,17,15,4,3.29
2021-04-17 04:29:00,Maren Morris,The Bones - with Hozier,17,15,4,3.29
2021-04-17 14:39:00,Taylor Swift,Untouchable (Taylor’s Version),17,15,4,5.2
2021-04-17 14:43:00,Taylor Swift,That’s When (feat. Keith Urban) (Taylor’s Version) (From The Vault),17,15,4,3.16
2021-04-18 00:16:00,Taylor Swift,Untouchable (Taylor’s Version),18,15,4,5.2
2021-04-18 00:19:00,Taylor Swift,That’s When (feat. Keith Urban) (Taylor’s Version) (From The Vault),18,15,4,3.16
2021-04-18 00:23:00,Taylor Swift,You All Over Me (feat. Maren Morris) (Taylor’s Version) (From The Vault),18,15,4,3.68
2021-04-18 00:29:00,Taylor Swift,White Horse (Taylor’s Version),18,15,4,1.12
2021-04-18 00:33:00,Taylor Swift,willow,18,15,4,3.58
2021-04-18 00:52:00,Taylor Swift,You All Over Me (feat. Maren Morris) (Taylor’s Version) (From The Vault),18,15,4,2.26
2021-04-18 01:06:00,Tape Machines,Lost You,18,15,4,2.98
2021-04-18 01:10:00,Céline Dion,I'm Alive,18,15,4,3.5
2021-04-18 01:13:00,Harry Styles,Watermelon Sugar,18,15,4,2.9
2021-04-18 01:16:00,Maren Morris,The Bones,18,15,4,3.29
2021-04-18 01:19:00,Ed Sheeran,Afterglow,18,15,4,3.09
2021-04-18 01:22:00,Miranda Lambert,Settling Down,18,15,4,3.29
2021-04-18 01:26:00,Céline Dion,Right In Front of You,18,15,4,4.23
2021-04-18 01:30:00,Dua Lipa,Levitating,18,15,4,3.4
2021-04-18 01:31:00,Dua Lipa,Don't Start Now,18,15,4,0.78
2021-04-18 01:35:00,Taylor Swift,exile (feat. Bon Iver),18,15,4,4.76
2021-04-18 01:41:00,Céline Dion,The Power of Love,18,15,4,5.71
2021-04-18 01:46:00,Céline Dion,Let's Talk About Love,18,15,4,5.21
2021-04-18 01:49:00,Shawn Mendes,Señorita,18,15,4,3.18
2021-04-18 01:53:00,Alan Walker,Darkside,18,15,4,3.53
2021-04-18 01:57:00,Taylor Swift,champagne problems,18,15,4,4.07
2021-04-18 02:02:00,Taylor Swift,evermore (feat. Bon Iver),18,15,4,5.07
2021-04-18 02:04:00,Céline Dion,I Surrender,18,15,4,2.51
2021-04-18 04:04:00,Taylor Swift,You All Over Me (feat. Maren Morris) (Taylor’s Version) (From The Vault),18,15,4,3.82
2021-04-18 04:07:00,Shawn Mendes,Señorita,18,15,4,3.18
2021-04-18 04:10:00,Shawn Mendes,There's Nothing Holdin' Me Back,18,15,4,3.32
2021-04-18 04:14:00,Tape Machines,Lost You,18,15,4,3.03
2021-04-18 04:19:00,Céline Dion,Let's Talk About Love,18,15,4,5.21
2021-04-18 04:22:00,Shawn Mendes,Where Were You In The Morning?,18,15,4,3.34
2021-04-18 04:32:00,Dua Lipa,Levitating,18,15,4,3.4
2021-04-18 04:36:00,Taylor Swift,Love Story,18,15,4,3.92
2021-04-18 04:42:00,Céline Dion,The Power of Love,18,15,4,5.71
2021-04-18 04:54:00,Taylor Swift,cardigan,18,15,4,1.25
2021-04-18 05:44:00,Taylor Swift,august,18,15,4,4.37
2021-04-18 05:48:00,Taylor Swift,willow,18,15,4,3.58
2021-04-18 05:51:00,Lea Salonga,A Whole New World,18,15,4,2.68
2021-04-18 05:56:00,Taylor Swift,evermore (feat. Bon Iver),18,15,4,5.07
2021-04-18 05:59:00,Céline Dion,I'm Alive,18,15,4,3.5
2021-04-18 06:40:00,Taylor Swift,exile (feat. Bon Iver),18,15,4,4.76
2021-04-18 06:44:00,Miranda Lambert,Settling Down,18,15,4,3.29
2021-04-18 06:47:00,Taylor Swift,Our Song,18,15,4,3.35
2021-04-18 06:50:00,Dua Lipa,Levitating,18,15,4,3.4
2021-04-18 07:03:00,Taylor Swift,champagne problems,18,15,4,4.07
2021-04-18 07:06:00,Dua Lipa,Don't Start Now,18,15,4,3.05
2021-04-18 07:09:00,Harry Styles,Watermelon Sugar,18,15,4,2.9
2021-04-18 07:12:00,Taylor Swift,That’s When (feat. Keith Urban) (Taylor’s Version) (From The Vault),18,15,4,3.16
2021-04-18 07:15:00,Taylor Swift,Fearless,18,15,4,1.21
2021-04-18 07:19:00,Maren Morris,The Bones - with Hozier,18,15,4,3.29
2021-04-18 07:23:00,Taylor Swift,august,18,15,4,4.37
2021-04-18 07:26:00,Dua Lipa,Levitating,18,15,4,3.4
2021-04-18 07:28:00,Dua Lipa,Don't Start Now,18,15,4,1.06
2021-04-18 15:00:00,Taylor Swift,Untouchable (Taylor’s Version),18,15,4,4.86
2021-04-19 00:07:00,Taylor Swift,Our Song,19,16,4,3.35
2021-04-19 00:11:00,Miranda Lambert,Settling Down,19,16,4,3.29
2021-04-19 00:14:00,Shawn Mendes,Where Were You In The Morning?,19,16,4,3.34
2021-04-19 00:17:00,Lea Salonga,A Whole New World,19,16,4,2.68
2021-04-19 00:20:00,Taylor Swift,willow,19,16,4,3.58
2021-04-19 00:38:00,Tape Machines,Lost You,19,16,4,1.98
2021-04-19 02:47:00,Taylor Swift,Untouchable (Taylor’s Version),19,16,4,5.2
2021-04-19 02:50:00,Taylor Swift,That’s When (feat. Keith Urban) (Taylor’s Version) (From The Vault),19,16,4,3.16
2021-04-19 02:53:00,Taylor Swift,You All Over Me (feat. Maren Morris) (Taylor’s Version) (From The Vault),19,16,4,3.68
2021-04-19 03:04:00,Taylor Swift,White Horse (Taylor’s Version),19,16,4,2.41
2021-04-19 03:31:00,Taylor Swift,Untouchable (Taylor’s Version),19,16,4,4.31
2021-04-19 06:07:00,Shawn Mendes,Where Were You In The Morning?,19,16,4,3.34
2021-04-19 06:11:00,Taylor Swift,august,19,16,4,4.37
2021-04-19 06:15:00,Maren Morris,The Bones - with Hozier,19,16,4,3.29
2021-04-19 06:18:00,Taylor Swift,You All Over Me (feat. Maren Morris) (Taylor’s Version) (From The Vault),19,16,4,3.68
2021-04-19 06:21:00,Ed Sheeran,Afterglow,19,16,4,3.09
2021-04-19 06:25:00,Céline Dion,I'm Alive,19,16,4,3.5
2021-04-19 06:30:00,Taylor Swift,exile (feat. Bon Iver),19,16,4,4.76
2021-04-19 06:34:00,Mandy Moore,"I See the Light - From ""Tangled"" / Soundtrack Version",19,16,4,3.74
2021-04-19 06:37:00,Shawn Mendes,There's Nothing Holdin' Me Back,19,16,4,3.32
2021-04-19 06:41:00,Dua Lipa,Levitating,19,16,4,3.4
2021-04-19 06:54:00,Taylor Swift,champagne problems,19,16,4,2.97
2021-04-19 06:56:00,Taylor Swift,champagne problems,19,16,4,1.09
2021-04-19 07:19:00,Céline Dion,"My Heart Will Go On - Love Theme from ""Titanic""",19,16,4,1.22
2021-04-19 14:49:00,Maren Morris,The Bones - with Hozier,19,16,4,3.29
2021-04-19 15:03:00,Taylor Swift,august,19,16,4,1.94
2021-04-20 00:00:00,Taylor Swift,You All Over Me (feat. Maren Morris) (Taylor’s Version) (From The Vault),20,16,4,3.68
2021-04-20 00:03:00,Maren Morris,The Bones,20,16,4,3.29
2021-04-20 00:13:00,Shawn Mendes,Señorita,20,16,4,3.18
2021-04-20 00:26:00,Ed Sheeran,Afterglow,20,16,4,2.03
2021-04-20 01:09:00,Maren Morris,The Bones - with Hozier,20,16,4,3.29
2021-04-20 01:12:00,Harry Styles,Watermelon Sugar,20,16,4,2.9
2021-04-20 01:16:00,Alan Walker,Faded,20,16,4,3.54
2021-04-20 01:19:00,Miranda Lambert,Settling Down,20,16,4,3.29
2021-04-20 01:41:00,Lea Salonga,A Whole New World,20,16,4,3.59
2021-04-20 01:44:00,Taylor Swift,You All Over Me (feat. Maren Morris) (Taylor’s Version) (From The Vault),20,16,4,3.68
2021-04-20 01:48:00,Taylor Swift,cardigan,20,16,4,3.99
2021-04-20 01:52:00,Alan Walker,Darkside,20,16,4,3.53
2021-04-20 01:57:00,Taylor Swift,Untouchable (Taylor’s Version),20,16,4,5.2
2021-04-20 02:02:00,Taylor Swift,exile (feat. Bon Iver),20,16,4,4.76
2021-04-20 02:06:00,Céline Dion,Right In Front of You,20,16,4,4.23
2021-04-20 02:09:00,Ed Sheeran,Afterglow,20,16,4,3.09
2021-04-20 02:13:00,Taylor Swift,august,20,16,4,4.37
2021-04-20 02:17:00,Taylor Swift,That’s When (feat. Keith Urban) (Taylor’s Version) (From The Vault),20,16,4,3.16
2021-04-20 02:37:00,Ed Sheeran,Perfect,20,16,4,1.24
2021-04-20 04:21:00,Maren Morris,The Bones - with Hozier,20,16,4,3.29
2021-04-20 04:25:00,Taylor Swift,august,20,16,4,4.37
2021-04-20 04:28:00,Céline Dion,I'm Alive,20,16,4,3.5
2021-04-20 04:33:00,Céline Dion,"My Heart Will Go On - Love Theme from ""Titanic""",20,16,4,4.67
2021-04-20 04:37:00,Taylor Swift,cardigan,20,16,4,3.99
2021-04-20 04:41:00,Taylor Swift,champagne problems,20,16,4,4.07
2021-04-20 04:45:00,Taylor Swift,willow,20,16,4,3.58
2021-04-20 04:49:00,Céline Dion,Right In Front of You,20,16,4,4.23
2021-04-20 04:53:00,Taylor Swift,You All Over Me (feat. Maren Morris) (Taylor’s Version) (From The Vault),20,16,4,3.68
2021-04-20 05:05:00,Alan Walker,Faded,20,16,4,1.01
2021-04-20 08:32:00,Jack Ingram,Anchor,20,16,4,1.59
2021-04-20 08:36:00,Mandy Moore,"I See the Light - From ""Tangled"" / Soundtrack Version",20,16,4,3.74
2021-04-20 08:41:00,Taylor Swift,Untouchable (Taylor’s Version),20,16,4,5.2
2021-04-20 08:44:00,Taylor Swift,cardigan,20,16,4,3.29
2021-04-20 08:48:00,Taylor Swift,hoax,20,16,4,3.67
2021-04-20 08:52:00,Taylor Swift,my tears ricochet,20,16,4,4.26
2021-04-20 08:56:00,Taylor Swift,this is me trying,20,16,4,3.25
2021-04-20 08:58:00,Taylor Swift,peace,20,16,4,2.2
2021-04-20 09:02:00,Taylor Swift,invisible string,20,16,4,4.21
2021-04-20 09:07:00,Taylor Swift,betty,20,16,4,4.91
2021-04-20 09:11:00,Taylor Swift,mad woman,20,16,4,3.95
2021-04-20 12:51:00,Céline Dion,I Surrender,20,16,4,4.8
2021-04-20 12:56:00,Taylor Swift,evermore (feat. Bon Iver),20,16,4,5.07
2021-04-20 13:00:00,Mandy Moore,"I See the Light - From ""Tangled"" / Soundtrack Version",20,16,4,3.74
2021-04-20 13:13:00,Taylor Swift,exile (feat. Bon Iver),20,16,4,4.76
2021-04-20 13:25:00,Shawn Mendes,Señorita,20,16,4,2.21
2021-04-20 14:21:00,Harry Styles,Watermelon Sugar,20,16,4,2.9
2021-04-20 14:24:00,Shawn Mendes,Where Were You In The Morning?,20,16,4,3.34
2021-04-20 14:28:00,Céline Dion,Right In Front of You,20,16,4,4.23
2021-04-20 14:45:00,Céline Dion,Let's Talk About Love,20,16,4,4.42
2021-04-20 14:53:00,Taylor Swift,Untouchable (Taylor’s Version),20,16,4,5.2
2021-04-20 14:56:00,Taylor Swift,That’s When (feat. Keith Urban) (Taylor’s Version) (From The Vault),20,16,4,3.16
2021-04-20 15:00:00,Taylor Swift,You All Over Me (feat. Maren Morris) (Taylor’s Version) (From The Vault),20,16,4,3.68
2021-04-20 15:04:00,Taylor Swift,White Horse (Taylor’s Version),20,16,4,3.91
2021-04-20 15:08:00,Taylor Swift,Forever & Always (Taylor’s Version),20,16,4,3.76
2021-04-20 15:12:00,Taylor Swift,We Were Happy (Taylor’s Version) (From The Vault),20,16,4,4.07
2021-04-20 15:23:00,Taylor Swift,Untouchable (Taylor’s Version),20,16,4,1.09
2021-04-21 00:04:00,Taylor Swift,Untouchable (Taylor’s Version),21,16,4,5.2
2021-04-21 00:07:00,Taylor Swift,That’s When (feat. Keith Urban) (Taylor’s Version) (From The Vault),21,16,4,3.16
2021-04-21 00:17:00,Taylor Swift,You All Over Me (feat. Maren Morris) (Taylor’s Version) (From The Vault),21,16,4,3.68
2021-04-21 00:21:00,Taylor Swift,We Were Happy (Taylor’s Version) (From The Vault),21,16,4,4.07
2021-04-21 00:32:00,Maren Morris,The Bones,21,16,4,3.29
2021-04-21 00:32:00,Taylor Swift,Untouchable (Taylor’s Version),21,16,4,2.45
2021-04-21 00:37:00,Taylor Swift,evermore (feat. Bon Iver),21,16,4,5.07
2021-04-21 00:40:00,Shawn Mendes,There's Nothing Holdin' Me Back,21,16,4,3.32
2021-04-21 00:48:00,Céline Dion,The Power of Love,21,16,4,5.71
2021-04-21 00:51:00,Shawn Mendes,Where Were You In The Morning?,21,16,4,3.34
2021-04-21 00:52:00,Céline Dion,"My Heart Will Go On - Love Theme from ""Titanic""",21,16,4,1.04
2021-04-21 04:45:00,Taylor Swift,exile (feat. Bon Iver),21,16,4,4.76
2021-04-21 04:50:00,Taylor Swift,evermore (feat. Bon Iver),21,16,4,5.07
2021-04-21 04:53:00,Dua Lipa,Levitating,21,16,4,3.4
2021-04-21 04:57:00,Mandy Moore,"I See the Light - From ""Tangled"" / Soundtrack Version",21,16,4,3.74
2021-04-21 05:01:00,Miranda Lambert,Settling Down,21,16,4,3.29
2021-04-21 05:07:00,Maren Morris,The Bones - with Hozier,21,16,4,3.29
2021-04-21 05:08:00,Céline Dion,Right In Front of You,21,16,4,0.86
2021-04-21 05:11:00,Harry Styles,Watermelon Sugar,21,16,4,2.9
2021-04-21 05:15:00,Taylor Swift,You All Over Me (feat. Maren Morris) (Taylor’s Version) (From The Vault),21,16,4,3.68
2021-04-21 05:18:00,Alan Walker,Darkside,21,16,4,3.53
2021-04-21 05:40:00,Shawn Mendes,Señorita,21,16,4,3.18
2021-04-21 05:43:00,Shawn Mendes,Where Were You In The Morning?,21,16,4,3.34
2021-04-21 05:49:00,Céline Dion,The Power of Love,21,16,4,5.71
2021-04-21 05:58:00,Taylor Swift,cardigan,21,16,4,3.99
2021-04-21 06:01:00,Shawn Mendes,There's Nothing Holdin' Me Back,21,16,4,3.32
2021-04-21 06:02:00,Dua Lipa,Don't Start Now,21,16,4,1.5
2021-04-21 06:07:00,Taylor Swift,You All Over Me (feat. Maren Morris) (Taylor’s Version) (From The Vault),21,16,4,3.68
2021-04-21 06:12:00,Céline Dion,I Surrender,21,16,4,4.8
2021-04-21 06:15:00,Taylor Swift,That’s When (feat. Keith Urban) (Taylor’s Version) (From The Vault),21,16,4,3.16
2021-04-21 06:20:00,Céline Dion,Let's Talk About Love,21,16,4,5.21
2021-04-21 06:23:00,Céline Dion,I'm Alive,21,16,4,3.5
2021-04-21 06:48:00,Céline Dion,"My Heart Will Go On - Love Theme from ""Titanic""",21,16,4,4.14
2021-04-21 14:47:00,Taylor Swift,Untouchable (Taylor’s Version),21,16,4,5.2
2021-04-21 14:50:00,Taylor Swift,That’s When (feat. Keith Urban) (Taylor’s Version) (From The Vault),21,16,4,3.16
2021-04-21 14:54:00,Taylor Swift,You All Over Me (feat. Maren Morris) (Taylor’s Version) (From The Vault),21,16,4,3.68
2021-04-21 14:58:00,Taylor Swift,White Horse (Taylor’s Version),21,16,4,3.91
2021-04-21 14:59:00,Taylor Swift,Forever & Always (Taylor’s Version),21,16,4,1.06
2021-04-21 15:03:00,Taylor Swift,We Were Happy (Taylor’s Version) (From The Vault),21,16,4,4.07
2021-04-21 15:17:00,Taylor Swift,Untouchable (Taylor’s Version),21,16,4,3.46
2021-04-22 00:15:00,Maren Morris,The Bones - with Hozier,22,16,4,3.29
2021-04-22 00:20:00,Taylor Swift,evermore (feat. Bon Iver),22,16,4,5.07
2021-04-22 00:30:00,Miranda Lambert,Settling Down,22,16,4,3.29
2021-04-22 00:33:00,Lea Salonga,A Whole New World,22,16,4,2.68
2021-04-22 00:49:00,Harry Styles,Watermelon Sugar,22,16,4,1.28
2021-04-22 00:52:00,Céline Dion,"My Heart Will Go On - Love Theme from ""Titanic""",22,16,4,3.63
2021-04-22 00:55:00,Tape Machines,Lost You,22,16,4,3.03
2021-04-22 00:59:00,Mandy Moore,"I See the Light - From ""Tangled"" / Soundtrack Version",22,16,4,3.74
2021-04-22 01:03:00,Céline Dion,I'm Alive,22,16,4,3.5
2021-04-22 01:06:00,Dua Lipa,Levitating,22,16,4,3.4
2021-04-22 01:09:00,Dua Lipa,Don't Start Now,22,16,4,3.05
2021-04-22 01:13:00,Taylor Swift,You All Over Me (feat. Maren Morris) (Taylor’s Version) (From The Vault),22,16,4,3.68
2021-04-22 01:16:00,Shawn Mendes,Señorita,22,16,4,3.18
2021-04-22 01:19:00,Taylor Swift,Our Song,22,16,4,3.35
2021-04-22 01:24:00,Céline Dion,Let's Talk About Love,22,16,4,5.21
2021-04-22 01:29:00,Céline Dion,I Surrender,22,16,4,4.8
2021-04-22 01:33:00,Taylor Swift,champagne problems,22,16,4,4.07
2021-04-22 01:37:00,Taylor Swift,willow,22,16,4,3.58
2021-04-22 01:40:00,Maren Morris,The Bones - with Hozier,22,16,4,3.29
2021-04-22 01:43:00,Harry Styles,Watermelon Sugar,22,16,4,2.9
2021-04-22 02:13:00,Alan Walker,Faded,22,16,4,3.54
2021-04-22 02:14:00,Miranda Lambert,Settling Down,22,16,4,1.72
2021-04-22 02:17:00,Lea Salonga,A Whole New World,22,16,4,2.68
2021-04-22 02:21:00,Taylor Swift,You All Over Me (feat. Maren Morris) (Taylor’s Version) (From The Vault),22,16,4,3.68
2021-04-22 02:25:00,Taylor Swift,cardigan,22,16,4,3.99
2021-04-22 02:28:00,Alan Walker,Darkside,22,16,4,3.53
2021-04-22 02:33:00,Taylor Swift,Untouchable (Taylor’s Version),22,16,4,5.2
2021-04-22 02:34:00,Taylor Swift,exile (feat. Bon Iver),22,16,4,0.51
2021-04-22 05:33:00,Lea Salonga,A Whole New World,22,16,4,2.68
2021-04-22 05:40:00,Shawn Mendes,Where Were You In The Morning?,22,16,4,3.34
2021-04-22 05:43:00,Céline Dion,I'm Alive,22,16,4,3.5
2021-04-22 05:47:00,Dua Lipa,Levitating,22,16,4,3.4
2021-04-22 05:50:00,Taylor Swift,You All Over Me (feat. Maren Morris) (Taylor’s Version) (From The Vault),22,16,4,3.68
2021-04-22 05:55:00,Céline Dion,"My Heart Will Go On - Love Theme from ""Titanic""",22,16,4,4.67
2021-04-22 06:10:00,Taylor Swift,champagne problems,22,16,4,3.55
2021-04-22 11:12:00,Taylor Swift,Untouchable (Taylor’s Version),22,16,4,5.2
2021-04-22 11:16:00,Taylor Swift,That’s When (feat. Keith Urban) (Taylor’s Version) (From The Vault),22,16,4,3.16
2021-04-22 11:19:00,Taylor Swift,You All Over Me (feat. Maren Morris) (Taylor’s Version) (From The Vault),22,16,4,3.68
2021-04-22 11:23:00,Taylor Swift,White Horse (Taylor’s Version),22,16,4,3.4
2021-04-22 11:24:00,Alan Walker,Sorry,22,16,4,1.64
2021-04-22 11:27:00,Alan Walker,Fake A Smile,22,16,4,2.8
2021-04-22 11:28:00,Alan Walker,Sorry,22,16,4,0.69
2021-04-22 11:31:00,Alan Walker,On My Way,22,16,4,2.92
2021-04-22 11:34:00,Alan Walker,"Alone, Pt. II",22,16,4,2.98
2021-04-22 11:52:00,Alan Walker,Alone,22,16,4,1.91
2021-04-22 12:33:00,Taylor Swift,champagne problems,22,16,4,4.07
2021-04-22 12:36:00,Alan Walker,Darkside,22,16,4,3.53
2021-04-22 12:40:00,Taylor Swift,cardigan,22,16,4,3.99
2021-04-22 12:43:00,Ed Sheeran,Afterglow,22,16,4,3.09
2021-04-22 12:48:00,Taylor Swift,Untouchable (Taylor’s Version),22,16,4,5.2
2021-04-22 12:51:00,Dua Lipa,Don't Start Now,22,16,4,3.05
2021-04-22 12:55:00,Ed Sheeran,Shape of You,22,16,4,3.9
2021-04-22 12:59:00,Miranda Lambert,Settling Down,22,16,4,3.29
2021-04-22 13:02:00,Mandy Moore,"I See the Light - From ""Tangled"" / Soundtrack Version",22,16,4,3.74
2021-04-22 13:06:00,Maren Morris,The Bones - with Hozier,22,16,4,3.29
2021-04-22 13:08:00,Lea Salonga,A Whole New World,22,16,4,2.68
2021-04-22 13:12:00,Taylor Swift,That’s When (feat. Keith Urban) (Taylor’s Version) (From The Vault),22,16,4,3.16
2021-04-22 13:15:00,Shawn Mendes,Where Were You In The Morning?,22,16,4,3.34
2021-04-22 13:20:00,Taylor Swift,exile (feat. Bon Iver),22,16,4,4.76
2021-04-22 13:23:00,Shawn Mendes,Señorita,22,16,4,3.18
2021-04-22 13:26:00,Dua Lipa,Levitating,22,16,4,3.4
2021-04-22 13:30:00,Alan Walker,Faded,22,16,4,3.54
2021-04-22 13:33:00,Céline Dion,I'm Alive,22,16,4,3.5
2021-04-22 13:39:00,Céline Dion,Let's Talk About Love,22,16,4,5.21
2021-04-22 13:42:00,Tape Machines,Lost You,22,16,4,3.03
2021-04-22 13:46:00,Taylor Swift,august,22,16,4,4.37
2021-04-22 13:49:00,Shawn Mendes,There's Nothing Holdin' Me Back,22,16,4,3.32
2021-04-22 13:54:00,Ed Sheeran,Perfect,22,16,4,4.39
2021-04-22 13:59:00,Taylor Swift,evermore (feat. Bon Iver),22,16,4,5.07
2021-04-22 14:02:00,Taylor Swift,Our Song,22,16,4,3.35
2021-04-22 14:08:00,Céline Dion,The Power of Love,22,16,4,5.71
2021-04-22 14:22:00,Céline Dion,"My Heart Will Go On - Love Theme from ""Titanic""",22,16,4,2.68
2021-04-23 00:03:00,Shawn Mendes,Señorita,23,16,4,3.18
2021-04-23 00:06:00,Tape Machines,Lost You,23,16,4,3.03
2021-04-23 00:10:00,Taylor Swift,You All Over Me (feat. Maren Morris) (Taylor’s Version) (From The Vault),23,16,4,3.68
2021-04-23 00:14:00,Mandy Moore,"I See the Light - From ""Tangled"" / Soundtrack Version",23,16,4,3.74
2021-04-23 00:17:00,Taylor Swift,willow,23,16,4,3.58
2021-04-24 00:27:00,Taylor Swift,That’s When (feat. Keith Urban) (Taylor’s Version) (From The Vault),24,16,4,3.16
2021-04-24 00:32:00,Taylor Swift,evermore (feat. Bon Iver),24,16,4,5.07
2021-04-24 00:35:00,Ed Sheeran,Afterglow,24,16,4,3.09
2021-04-24 00:39:00,Céline Dion,I'm Alive,24,16,4,3.5
2021-04-24 00:42:00,Taylor Swift,You All Over Me (feat. Maren Morris) (Taylor’s Version) (From The Vault),24,16,4,3.68
2021-04-24 01:00:00,Ed Sheeran,Perfect,24,16,4,2.18
2021-04-24 11:46:00,Taylor Swift,Untouchable (Taylor’s Version),24,16,4,5.2
2021-04-24 11:51:00,Taylor Swift,That’s When (feat. Keith Urban) (Taylor’s Version) (From The Vault),24,16,4,3.16
2021-04-24 11:54:00,Taylor Swift,You All Over Me (feat. Maren Morris) (Taylor’s Version) (From The Vault),24,16,4,3.68
2021-04-24 11:58:00,Taylor Swift,White Horse (Taylor’s Version),24,16,4,3.72
2021-04-24 12:01:00,Taylor Swift,Forever & Always (Taylor’s Version),24,16,4,3.28
2021-04-24 12:06:00,Taylor Swift,exile (feat. Bon Iver),24,16,4,4.76
2021-04-24 12:10:00,Alan Walker,Faded,24,16,4,3.54
2021-04-24 12:15:00,Céline Dion,Let's Talk About Love,24,16,4,5.21
2021-04-24 12:18:00,Taylor Swift,Our Song,24,16,4,3.35
2021-04-24 12:22:00,Shawn Mendes,Where Were You In The Morning?,24,16,4,3.34
2021-04-24 12:25:00,Céline Dion,I'm Alive,24,16,4,3.5
2021-04-24 12:29:00,Taylor Swift,You All Over Me (feat. Maren Morris) (Taylor’s Version) (From The Vault),24,16,4,3.68
2021-04-24 12:34:00,Céline Dion,"My Heart Will Go On - Love Theme from ""Titanic""",24,16,4,4.67
2021-04-24 12:37:00,Taylor Swift,You All Over Me (feat. Maren Morris) (Taylor’s Version) (From The Vault),24,16,4,3.68
2021-04-24 12:41:00,Ed Sheeran,Shape of You,24,16,4,3.9
2021-04-24 12:47:00,Céline Dion,The Power of Love,24,16,4,5.71
2021-04-24 12:50:00,Shawn Mendes,Señorita,24,16,4,3.18
2021-04-24 12:54:00,Taylor Swift,cardigan,24,16,4,3.99
2021-04-24 12:59:00,Céline Dion,I Surrender,24,16,4,4.8
2021-04-24 13:02:00,Maren Morris,The Bones,24,16,4,3.29
2021-04-24 13:13:00,Taylor Swift,That’s When (feat. Keith Urban) (Taylor’s Version) (From The Vault),24,16,4,0.54
2021-04-24 23:56:00,Taylor Swift,cardigan,24,16,4,3.99
2021-04-24 23:59:00,Taylor Swift,willow,24,16,4,3.58
2021-04-25 00:03:00,Maren Morris,The Bones - with Hozier,25,16,4,3.29
2021-04-25 00:12:00,Céline Dion,I'm Alive,25,16,4,3.5
2021-04-25 00:15:00,Miranda Lambert,Settling Down,25,16,4,3.29
2021-04-25 04:48:00,Alan Walker,Darkside,25,16,4,3.53
2021-04-25 04:54:00,Céline Dion,The Power of Love,25,16,4,5.71
2021-04-25 04:57:00,Taylor Swift,willow,25,16,4,3.58
2021-04-25 05:01:00,Maren Morris,The Bones - with Hozier,25,16,4,3.29
2021-04-25 05:12:00,Taylor Swift,Our Song,25,16,4,0.78
2021-04-25 05:50:00,Taylor Swift,Untouchable (Taylor’s Version),25,16,4,5.2
2021-04-25 05:53:00,Taylor Swift,That’s When (feat. Keith Urban) (Taylor’s Version) (From The Vault),25,16,4,3.16
2021-04-25 05:57:00,Taylor Swift,You All Over Me (feat. Maren Morris) (Taylor’s Version) (From The Vault),25,16,4,3.68
2021-04-25 06:10:00,Ed Sheeran,Afterglow,25,16,4,3.09
2021-04-25 06:14:00,Maren Morris,The Bones - with Hozier,25,16,4,3.29
2021-04-25 06:17:00,Shawn Mendes,There's Nothing Holdin' Me Back,25,16,4,3.32
2021-04-25 06:20:00,Céline Dion,I'm Alive,25,16,4,3.5
2021-04-25 06:25:00,Taylor Swift,august,25,16,4,4.37
2021-04-25 06:28:00,Dua Lipa,Don't Start Now,25,16,4,3.05
2021-04-25 06:31:00,Taylor Swift,That’s When (feat. Keith Urban) (Taylor’s Version) (From The Vault),25,16,4,3.16
2021-04-25 06:35:00,Alan Walker,Faded,25,16,4,3.54
2021-04-25 06:39:00,Céline Dion,Right In Front of You,25,16,4,4.23
2021-04-25 06:42:00,Taylor Swift,willow,25,16,4,3.58
2021-04-25 07:10:00,Taylor Swift,champagne problems,25,16,4,1.89
2021-04-25 12:16:00,Taylor Swift,Untouchable (Taylor’s Version),25,16,4,5.2
2021-04-25 12:19:00,Taylor Swift,That’s When (feat. Keith Urban) (Taylor’s Version) (From The Vault),25,16,4,3.16
2021-04-25 12:33:00,Taylor Swift,You All Over Me (feat. Maren Morris) (Taylor’s Version) (From The Vault),25,16,4,3.58
2021-04-25 23:59:00,Taylor Swift,cardigan,25,16,4,3.99
2021-04-26 00:03:00,Taylor Swift,You All Over Me (feat. Maren Morris) (Taylor’s Version) (From The Vault),26,17,4,3.68
2021-04-26 00:06:00,Ed Sheeran,Shape of You,26,17,4,3.9
2021-04-26 00:10:00,Maren Morris,The Bones - with Hozier,26,17,4,3.29
2021-04-26 00:19:00,Ed Sheeran,Perfect,26,17,4,4.39
2021-04-26 00:22:00,Alan Walker,Darkside,26,17,4,3.53
2021-04-26 01:54:00,Taylor Swift,Untouchable (Taylor’s Version),26,17,4,5.2
2021-04-26 02:07:00,Taylor Swift,That’s When (feat. Keith Urban) (Taylor’s Version) (From The Vault),26,17,4,2.52
2021-04-26 04:00:00,Taylor Swift,That’s When (feat. Keith Urban) (Taylor’s Version) (From The Vault),26,17,4,3.16
2021-04-26 04:03:00,Taylor Swift,You All Over Me (feat. Maren Morris) (Taylor’s Version) (From The Vault),26,17,4,3.68
2021-04-26 04:05:00,Taylor Swift,White Horse (Taylor’s Version),26,17,4,1.72
2021-04-26 04:09:00,Alan Walker,Lily,26,17,4,3.26
2021-04-26 04:12:00,Alan Walker,Sing Me to Sleep,26,17,4,3.13
2021-04-26 04:15:00,Alan Walker,The Spectre,26,17,4,3.23
2021-04-26 04:18:00,Alan Walker,Darkside,26,17,4,0.65
2021-04-26 04:18:00,Alan Walker,Alone,26,17,4,2.67
2021-04-26 04:21:00,Alan Walker,Fake A Smile,26,17,4,2.8
2021-04-26 04:24:00,Alan Walker,Sorry,26,17,4,2.75
2021-04-26 04:27:00,Alan Walker,On My Way,26,17,4,3.23
2021-04-26 04:30:00,Alan Walker,"Alone, Pt. II",26,17,4,2.98
2021-04-26 04:33:00,Alan Walker,"Alone, Pt. II",26,17,4,2.98
2021-04-26 05:46:00,Taylor Swift,Untouchable (Taylor’s Version),26,17,4,5.2
2021-04-26 05:49:00,Taylor Swift,That’s When (feat. Keith Urban) (Taylor’s Version) (From The Vault),26,17,4,3.16
2021-04-26 07:17:00,Taylor Swift,That’s When (feat. Keith Urban) (Taylor’s Version) (From The Vault),26,17,4,2.87
2021-04-26 07:20:00,Shawn Mendes,Señorita,26,17,4,3.18
2021-04-26 07:23:00,Tape Machines,Lost You,26,17,4,2.85
2021-04-26 07:27:00,Céline Dion,"My Heart Will Go On - Love Theme from ""Titanic""",26,17,4,4.67
2021-04-26 07:31:00,Taylor Swift,You All Over Me (feat. Maren Morris) (Taylor’s Version) (From The Vault),26,17,4,3.68
2021-04-26 07:34:00,Miranda Lambert,Settling Down,26,17,4,3.29
2021-04-26 07:37:00,Harry Styles,Watermelon Sugar,26,17,4,2.9
2021-04-26 07:42:00,Taylor Swift,evermore (feat. Bon Iver),26,17,4,5.07
2021-04-26 07:55:00,Céline Dion,The Power of Love,26,17,4,2.06
2021-04-26 11:17:00,Alan Walker,Fake A Smile,26,17,4,2.8
2021-04-26 11:20:00,Alan Walker,"Alone, Pt. II",26,17,4,2.98
2021-04-26 11:32:00,Alan Walker,On My Way,26,17,4,1.58
2021-04-26 12:13:00,Harry Styles,Watermelon Sugar,26,17,4,2.9
2021-04-26 12:18:00,Taylor Swift,exile (feat. Bon Iver),26,17,4,4.76
2021-04-26 12:23:00,Céline Dion,Let's Talk About Love,26,17,4,5.21
2021-04-26 12:28:00,Taylor Swift,Untouchable (Taylor’s Version),26,17,4,5.2
2021-04-26 12:32:00,Taylor Swift,august,26,17,4,4.37
2021-04-26 12:36:00,Dua Lipa,Levitating,26,17,4,3.4
2021-04-26 12:48:00,Lea Salonga,A Whole New World,26,17,4,1.75
2021-04-27 00:10:00,Taylor Swift,Untouchable (Taylor’s Version),27,17,4,5.2
2021-04-27 00:14:00,Shawn Mendes,There's Nothing Holdin' Me Back,27,17,4,3.32
2021-04-27 00:16:00,Lea Salonga,A Whole New World,27,17,4,2.68
2021-04-27 00:25:00,Dua Lipa,Don't Start Now,27,17,4,3.05
2021-04-27 00:47:00,Taylor Swift,exile (feat. Bon Iver),27,17,4,3.42
2021-04-27 06:11:00,Taylor Swift,Untouchable (Taylor’s Version),27,17,4,5.2
2021-04-27 06:16:00,Taylor Swift,White Horse (Taylor’s Version),27,17,4,3.91
2021-04-27 06:21:00,Taylor Swift,We Were Happy (Taylor’s Version) (From The Vault),27,17,4,0.89
2021-04-27 06:25:00,Céline Dion,I'm Alive,27,17,4,3.5
2021-04-27 06:30:00,Ed Sheeran,Perfect,27,17,4,4.39
2021-04-27 06:34:00,Alan Walker,Darkside,27,17,4,3.53
2021-04-27 06:38:00,Taylor Swift,august,27,17,4,4.37
2021-04-27 06:59:00,Dua Lipa,Don't Start Now,27,17,4,2.79
2021-04-27 09:55:00,Taylor Swift,august,27,17,4,3.57
2021-04-27 18:23:00,Alan Walker,Fake A Smile,27,17,4,2.8
2021-04-27 18:26:00,Alan Walker,Sorry,27,17,4,2.75
2021-04-27 18:35:00,Alan Walker,On My Way,27,17,4,3.23
2021-04-27 18:38:00,Alan Walker,"Alone, Pt. II",27,17,4,2.98
2021-04-27 18:39:00,Alan Walker,Tired,27,17,4,0.65
2021-04-27 18:42:00,Alan Walker,Lily,27,17,4,3.26
2021-04-27 18:45:00,Alan Walker,Sing Me to Sleep,27,17,4,3.13
2021-04-27 18:49:00,Alan Walker,The Spectre,27,17,4,3.23
2021-04-27 18:51:00,Alan Walker,Alone,27,17,4,2.67
2021-04-27 18:55:00,Alan Walker,Darkside,27,17,4,3.53
2021-04-27 18:58:00,Alan Walker,Faded,27,17,4,3.54
2021-04-27 19:01:00,Alan Walker,Fake A Smile,27,17,4,2.8
2021-04-27 19:04:00,Alan Walker,Sorry,27,17,4,2.75
2021-04-27 19:30:00,Alan Walker,On My Way,27,17,4,2.36
2021-04-28 00:34:00,Alan Walker,Fake A Smile,28,17,4,2.8
2021-04-28 00:37:00,Dua Lipa,Don't Start Now,28,17,4,3.05
2021-04-28 00:45:00,Taylor Swift,evermore (feat. Bon Iver),28,17,4,5.07
2021-04-28 00:49:00,Taylor Swift,willow,28,17,4,3.58
2021-04-28 01:10:00,Shawn Mendes,There's Nothing Holdin' Me Back,28,17,4,0.53
2021-04-28 11:47:00,Jack Ingram,Geraldene,28,17,4,1.08
2021-04-28 12:30:00,Maren Morris,The Bones - with Hozier,28,17,4,3.29
2021-04-28 12:41:00,Taylor Swift,Untouchable (Taylor’s Version),28,17,4,0.83
2021-04-28 15:04:00,Taylor Swift,Untouchable (Taylor’s Version),28,17,4,4.57
2021-04-29 00:14:00,Taylor Swift,Untouchable (Taylor’s Version),29,17,4,5.2
2021-04-29 00:18:00,Taylor Swift,You All Over Me (feat. Maren Morris) (Taylor’s Version) (From The Vault),29,17,4,3.68
2021-04-29 00:22:00,Céline Dion,Right In Front of You,29,17,4,4.23
2021-04-29 00:27:00,Ed Sheeran,Perfect,29,17,4,4.39
2021-04-29 00:35:00,Alan Walker,Fake A Smile,29,17,4,2.8
2021-04-29 00:40:00,Taylor Swift,evermore (feat. Bon Iver),29,17,4,5.07
2021-04-29 00:44:00,Taylor Swift,You All Over Me (feat. Maren Morris) (Taylor’s Version) (From The Vault),29,17,4,3.68
2021-04-29 00:48:00,Taylor Swift,champagne problems,29,17,4,4.07
2021-04-29 01:04:00,Mandy Moore,"I See the Light - From ""Tangled"" / Soundtrack Version",29,17,4,1.4
2021-04-29 03:04:00,Taylor Swift,willow,29,17,4,3.58
2021-04-29 03:19:00,Céline Dion,The Power of Love,29,17,4,3.99
2021-04-29 13:07:00,Jack Ingram,Geraldene,29,17,4,0.82
2021-04-29 13:09:00,Billie Eilish,ilomilo - Live From The Film - Billie Eilish: The World’s A Little Blurry,29,17,4,1.48
2021-04-29 13:30:00,Billie Eilish,when the party's over,29,17,4,2.36
2021-04-29 13:31:00,Billie Eilish,everything i wanted,29,17,4,0.6
2021-04-29 13:32:00,Céline Dion,Loved Me Back to Life,29,17,4,0.68
2021-04-29 13:36:00,Taylor Swift,Begin Again,29,17,4,3.54
2021-04-29 15:03:00,Taylor Swift,Untouchable (Taylor’s Version),29,17,4,5.2
2021-04-29 15:06:00,Harry Styles,Watermelon Sugar,29,17,4,2.9
2021-04-29 15:18:00,Taylor Swift,That’s When (feat. Keith Urban) (Taylor’s Version) (From The Vault),29,17,4,2.43
2021-04-30 00:15:00,Taylor Swift,That’s When (feat. Keith Urban) (Taylor’s Version) (From The Vault),30,17,4,3.16
2021-04-30 00:18:00,Shawn Mendes,Señorita,30,17,4,3.18
2021-04-30 00:21:00,Shawn Mendes,Where Were You In The Morning?,30,17,4,3.34
2021-04-30 00:24:00,Harry Styles,Watermelon Sugar,30,17,4,2.9
2021-04-30 00:28:00,Dua Lipa,Levitating,30,17,4,3.4
2021-04-30 00:48:00,Taylor Swift,cardigan,30,17,4,2.35
